2021-04-25 14:20:35.821831 DC BUS VOLTAGE: 270.7 V
2021-04-25 14:20:35.821831 OUTPUT VOLTAGE: 92.6 V
2021-04-25 14:20:35.821831 PHASE AB VOLTAGE: 43.4 V
2021-04-25 14:20:35.821831 PHASE BC VOLTAGE: 81.7 V
2021-04-25 14:20:35.900695 MCU PEDAL ACCEL 1: 2008
2021-04-25 14:20:35.900695 MCU PEDAL ACCEL 2: 2067
2021-04-25 14:20:35.900695 MCU PEDAL BRAKE: 742
2021-04-25 14:20:35.900695 MCU IMPLAUS ACCEL: 0
2021-04-25 14:20:35.900695 MCU IMPLAUS BRAKE: 1
2021-04-25 14:20:35.900695 MCU BRAKE ACT: 1
2021-04-25 14:20:35.900695 MCU TORQUE MAP MODE: 2
2021-04-25 14:20:35.905132 BAL IC0 CELL0: OFF
2021-04-25 14:20:35.905132 BAL IC0 CELL1: OFF
2021-04-25 14:20:35.905132 BAL IC0 CELL2: OFF
2021-04-25 14:20:35.905132 BAL IC0 CELL3: OFF
2021-04-25 14:20:35.905132 BAL IC0 CELL4: OFF
2021-04-25 14:20:35.905132 BAL IC0 CELL5: OFF
2021-04-25 14:20:35.905132 BAL IC0 CELL6: OFF
2021-04-25 14:20:35.905132 BAL IC0 CELL7: OFF
2021-04-25 14:20:35.905132 BAL IC0 CELL8: OFF
2021-04-25 14:20:35.905132 BAL IC1 CELL0: OFF
2021-04-25 14:20:35.905132 BAL IC1 CELL1: OFF
2021-04-25 14:20:35.905132 BAL IC1 CELL2: OFF
2021-04-25 14:20:35.905132 BAL IC1 CELL3: OFF
2021-04-25 14:20:35.905132 BAL IC1 CELL4: OFF
2021-04-25 14:20:35.905132 BAL IC1 CELL5: OFF
2021-04-25 14:20:35.905132 BAL IC1 CELL6: OFF
2021-04-25 14:20:35.905132 BAL IC1 CELL7: OFF
2021-04-25 14:20:35.905132 BAL IC1 CELL8: OFF
2021-04-25 14:20:35.905132 BAL IC2 CELL0: OFF
2021-04-25 14:20:35.905132 BAL IC2 CELL1: OFF
2021-04-25 14:20:35.905132 BAL IC2 CELL2: OFF
2021-04-25 14:20:35.905132 BAL IC2 CELL3: OFF
2021-04-25 14:20:35.905132 BAL IC2 CELL4: OFF
2021-04-25 14:20:35.905132 BAL IC2 CELL5: OFF
2021-04-25 14:20:35.905132 BAL IC2 CELL6: OFF
2021-04-25 14:20:35.905132 BAL IC2 CELL7: OFF
2021-04-25 14:20:35.905132 BAL IC2 CELL8: OFF
2021-04-25 14:20:35.905132 BAL IC3 CELL0: OFF
2021-04-25 14:20:35.905132 BAL IC3 CELL1: OFF
2021-04-25 14:20:35.905132 BAL IC3 CELL2: OFF
2021-04-25 14:20:35.905132 BAL IC3 CELL3: OFF
2021-04-25 14:20:35.905132 BAL IC3 CELL4: OFF
2021-04-25 14:20:35.905132 BAL IC3 CELL5: OFF
2021-04-25 14:20:35.905132 BAL IC3 CELL6: OFF
2021-04-25 14:20:35.905132 BAL IC3 CELL7: OFF
2021-04-25 14:20:35.905132 BAL IC3 CELL8: OFF
2021-04-25 14:20:35.905132 BAL IC4 CELL0: OFF
2021-04-25 14:20:35.905132 BAL IC4 CELL1: OFF
2021-04-25 14:20:35.905132 BAL IC4 CELL2: OFF
2021-04-25 14:20:35.905132 BAL IC4 CELL3: OFF
2021-04-25 14:20:35.905132 BAL IC4 CELL4: OFF
2021-04-25 14:20:35.905132 BAL IC4 CELL5: OFF
2021-04-25 14:20:35.905132 BAL IC4 CELL6: OFF
2021-04-25 14:20:35.905132 BAL IC4 CELL7: OFF
2021-04-25 14:20:35.905132 BAL IC4 CELL8: OFF
2021-04-25 14:20:35.905132 BAL IC5 CELL0: OFF
2021-04-25 14:20:35.905132 BAL IC5 CELL1: OFF
2021-04-25 14:20:35.905132 BAL IC5 CELL2: OFF
2021-04-25 14:20:35.905132 BAL IC5 CELL3: OFF
2021-04-25 14:20:35.905132 BAL IC5 CELL4: OFF
2021-04-25 14:20:35.905132 BAL IC5 CELL5: OFF
2021-04-25 14:20:35.905132 BAL IC5 CELL6: OFF
2021-04-25 14:20:35.905132 BAL IC5 CELL7: OFF
2021-04-25 14:20:35.905132 BAL IC5 CELL8: OFF
2021-04-25 14:20:35.905132 BAL IC6 CELL0: OFF
2021-04-25 14:20:35.905132 BAL IC6 CELL1: OFF
2021-04-25 14:20:35.905132 BAL IC6 CELL2: OFF
2021-04-25 14:20:35.905132 BAL IC6 CELL3: OFF
2021-04-25 14:20:35.905132 BAL IC6 CELL4: OFF
2021-04-25 14:20:35.905132 BAL IC6 CELL5: OFF
2021-04-25 14:20:35.905132 BAL IC6 CELL6: OFF
2021-04-25 14:20:35.905132 BAL IC6 CELL7: OFF
2021-04-25 14:20:35.905132 BAL IC6 CELL8: OFF
2021-04-25 14:20:35.905132 BAL IC7 CELL0: OFF
2021-04-25 14:20:35.905132 BAL IC7 CELL1: OFF
2021-04-25 14:20:35.905132 BAL IC7 CELL2: OFF
2021-04-25 14:20:35.905132 BAL IC7 CELL3: OFF
2021-04-25 14:20:35.905132 BAL IC7 CELL4: OFF
2021-04-25 14:20:35.905132 BAL IC7 CELL5: OFF
2021-04-25 14:20:35.905132 BAL IC7 CELL6: OFF
2021-04-25 14:20:35.905132 BAL IC7 CELL7: OFF
2021-04-25 14:20:35.905132 BAL IC7 CELL8: OFF
2021-04-25 14:20:35.910466 BAL IC4 CELL0: OFF
2021-04-25 14:20:35.910466 BAL IC4 CELL1: OFF
2021-04-25 14:20:35.910466 BAL IC4 CELL2: OFF
2021-04-25 14:20:35.910466 BAL IC4 CELL3: OFF
2021-04-25 14:20:35.910466 BAL IC4 CELL4: OFF
2021-04-25 14:20:35.910466 BAL IC4 CELL5: OFF
2021-04-25 14:20:35.910466 BAL IC4 CELL6: OFF
2021-04-25 14:20:35.910466 BAL IC4 CELL7: OFF
2021-04-25 14:20:35.910466 BAL IC4 CELL8: OFF
2021-04-25 14:20:35.910466 BAL IC5 CELL0: OFF
2021-04-25 14:20:35.910466 BAL IC5 CELL1: OFF
2021-04-25 14:20:35.910466 BAL IC5 CELL2: OFF
2021-04-25 14:20:35.910466 BAL IC5 CELL3: OFF
2021-04-25 14:20:35.910466 BAL IC5 CELL4: OFF
2021-04-25 14:20:35.910466 BAL IC5 CELL5: OFF
2021-04-25 14:20:35.910466 BAL IC5 CELL6: OFF
2021-04-25 14:20:35.910466 BAL IC5 CELL7: OFF
2021-04-25 14:20:35.910466 BAL IC5 CELL8: OFF
2021-04-25 14:20:35.910466 BAL IC6 CELL0: OFF
2021-04-25 14:20:35.910466 BAL IC6 CELL1: OFF
2021-04-25 14:20:35.910466 BAL IC6 CELL2: OFF
2021-04-25 14:20:35.910466 BAL IC6 CELL3: OFF
2021-04-25 14:20:35.910466 BAL IC6 CELL4: OFF
2021-04-25 14:20:35.910466 BAL IC6 CELL5: OFF
2021-04-25 14:20:35.910466 BAL IC6 CELL6: OFF
2021-04-25 14:20:35.910466 BAL IC6 CELL7: OFF
2021-04-25 14:20:35.910466 BAL IC6 CELL8: OFF
2021-04-25 14:20:35.910466 BAL IC7 CELL0: OFF
2021-04-25 14:20:35.910466 BAL IC7 CELL1: OFF
2021-04-25 14:20:35.910466 BAL IC7 CELL2: OFF
2021-04-25 14:20:35.910466 BAL IC7 CELL3: OFF
2021-04-25 14:20:35.910466 BAL IC7 CELL4: OFF
2021-04-25 14:20:35.910466 BAL IC7 CELL5: OFF
2021-04-25 14:20:35.910466 BAL IC7 CELL6: OFF
2021-04-25 14:20:35.910466 BAL IC7 CELL7: OFF
2021-04-25 14:20:35.910466 BAL IC7 CELL8: OFF
2021-04-25 14:20:35.910466 BAL IC8 CELL0: OFF
2021-04-25 14:20:35.910466 BAL IC8 CELL1: OFF
2021-04-25 14:20:35.910466 BAL IC8 CELL2: OFF
2021-04-25 14:20:35.910466 BAL IC8 CELL3: OFF
2021-04-25 14:20:35.910466 BAL IC8 CELL4: OFF
2021-04-25 14:20:35.910466 BAL IC8 CELL5: OFF
2021-04-25 14:20:35.910466 BAL IC8 CELL6: OFF
2021-04-25 14:20:35.910466 BAL IC8 CELL7: OFF
2021-04-25 14:20:35.910466 BAL IC8 CELL8: OFF
2021-04-25 14:20:35.910466 BAL IC9 CELL0: OFF
2021-04-25 14:20:35.910466 BAL IC9 CELL1: OFF
2021-04-25 14:20:35.910466 BAL IC9 CELL2: OFF
2021-04-25 14:20:35.910466 BAL IC9 CELL3: OFF
2021-04-25 14:20:35.910466 BAL IC9 CELL4: OFF
2021-04-25 14:20:35.910466 BAL IC9 CELL5: OFF
2021-04-25 14:20:35.910466 BAL IC9 CELL6: OFF
2021-04-25 14:20:35.910466 BAL IC9 CELL7: OFF
2021-04-25 14:20:35.910466 BAL IC9 CELL8: OFF
2021-04-25 14:20:35.910466 BAL IC10 CELL0: OFF
2021-04-25 14:20:35.913174 TCU WHEEL RPM REAR LEFT: 71.18 RPM
2021-04-25 14:20:35.913174 TCU WHEEL RPM REAR RIGHT: 71.18 RPM
2021-04-25 14:20:35.915924 TCU WHEEL RPM FRONT LEFT: 0.0 RPM
2021-04-25 14:20:35.915924 TCU WHEEL RPM FRONT RIGHT: 2.88 RPM
2021-04-25 14:20:35.918850 TCU DISTANCE TRAVELED: 0.0 m
2021-04-25 14:20:35.923404 ECU CURRENT: 0.35 A
2021-04-25 14:20:35.923404 COOLING CURRENT: 654.13 A
2021-04-25 14:20:35.925870 MODULE A TEMP: 35.6 C
2021-04-25 14:20:35.925870 MODULE B TEMP: 36.1 C
2021-04-25 14:20:35.925870 MODULE C TEMP: 35.6 C
2021-04-25 14:20:35.925870 GATE DRIVER BOARD TEMP: 38.4 C
2021-04-25 14:20:35.928409 RTD 4 TEMP: -1000.0 C
2021-04-25 14:20:35.928409 RTD 5 TEMP: -1000.0 C
2021-04-25 14:20:35.928409 MOTOR TEMP: 51.8 C
2021-04-25 14:20:35.928409 TORQUE SHUDDER: 0.0 Nm
2021-04-25 14:20:35.931434 MOTOR ANGLE: 298.6
2021-04-25 14:20:35.931434 MOTOR SPEED: -3063 RPM
2021-04-25 14:20:35.931434 ELEC OUTPUT FREQ: -510.6
2021-04-25 14:20:35.931434 DELTA RESOLVER FILT: 572
2021-04-25 14:20:35.934804 PHASE A CURRENT: 61.3 A
2021-04-25 14:20:35.934804 PHASE B CURRENT: -43.1 A
2021-04-25 14:20:35.934804 PHASE C CURRENT: -19.8 A
2021-04-25 14:20:35.934804 DC BUS CURRENT: 23.9 A
2021-04-25 14:20:35.938121 DC BUS VOLTAGE: 274.2 V
2021-04-25 14:20:35.938121 OUTPUT VOLTAGE: 85.9 V
2021-04-25 14:20:35.938121 PHASE AB VOLTAGE: 29.9 V
2021-04-25 14:20:35.938121 PHASE BC VOLTAGE: 80.5 V
2021-04-25 14:20:35.941324 VSM STATE: 6
2021-04-25 14:20:35.941324 INVERTER STATE: 8
2021-04-25 14:20:35.941324 INVERTER RUN MODE: 0
2021-04-25 14:20:35.941324 INVERTER ACTIVE DISCHARGE STATE: 0
2021-04-25 14:20:35.941324 INVERTER COMMAND MODE: 0
2021-04-25 14:20:35.941324 INVERTER ENABLE: 1
2021-04-25 14:20:35.941324 INVERTER LOCKOUT: 0
2021-04-25 14:20:35.941324 DIRECTION COMMAND: 1
2021-04-25 14:20:35.944480 POST FAULT LO: 0x00
2021-04-25 14:20:35.944480 POST FAULT HI: 0x00
2021-04-25 14:20:35.944480 RUN FAULT LO: 0x00
2021-04-25 14:20:35.944480 RUN FAULT HI: 0x00
2021-04-25 14:20:35.947634 COMMANDED TORQUE: 27.4 Nm
2021-04-25 14:20:35.947634 TORQUE FEEDBACK: 24.5 Nm
2021-04-25 14:20:35.947634 RMS UPTIME: 1048 s
2021-04-25 14:20:35.950782 BMS VOLTAGE AVERAGE: 3.8119 V
2021-04-25 14:20:35.950782 BMS VOLTAGE LOW: 3.8077 V
2021-04-25 14:20:35.950782 BMS VOLTAGE HIGH: 3.8271 V
2021-04-25 14:20:35.950782 BMS VOLTAGE TOTAL: 274.46 V
2021-04-25 14:20:36.109856 IC 0 CELL 0: 3.808 V
2021-04-25 14:20:36.109856 IC 0 CELL 1: 3.8126 V
2021-04-25 14:20:36.109856 IC 0 CELL 2: 3.8114 V
2021-04-25 14:20:36.112659 IC 0 CELL 3: 3.8104 V
2021-04-25 14:20:36.112659 IC 0 CELL 4: 3.8126 V
2021-04-25 14:20:36.112659 IC 0 CELL 5: 3.8114 V
2021-04-25 14:20:36.115209 IC 0 CELL 6: 3.8118 V
2021-04-25 14:20:36.115209 IC 0 CELL 7: 3.8097 V
2021-04-25 14:20:36.115209 IC 0 CELL 8: 3.8127 V
2021-04-25 14:20:36.118492 IC 1 CELL 0: 3.8127 V
2021-04-25 14:20:36.118492 IC 1 CELL 1: 3.813 V
2021-04-25 14:20:36.118492 IC 1 CELL 2: 3.8134 V
2021-04-25 14:20:36.121890 IC 1 CELL 3: 3.8108 V
2021-04-25 14:20:36.121890 IC 1 CELL 4: 3.8126 V
2021-04-25 14:20:36.121890 IC 1 CELL 5: 3.8109 V
2021-04-25 14:20:36.124958 IC 1 CELL 6: 3.8098 V
2021-04-25 14:20:36.124958 IC 1 CELL 7: 3.8101 V
2021-04-25 14:20:36.124958 IC 1 CELL 8: 3.8077 V
2021-04-25 14:20:36.127847 IC 2 CELL 0: 3.8085 V
2021-04-25 14:20:36.127847 IC 2 CELL 1: 3.812 V
2021-04-25 14:20:36.127847 IC 2 CELL 2: 3.8129 V
2021-04-25 14:20:36.130790 IC 2 CELL 3: 3.8119 V
2021-04-25 14:20:36.130790 IC 2 CELL 4: 3.8123 V
2021-04-25 14:20:36.130790 IC 2 CELL 5: 3.809 V
2021-04-25 14:20:36.134836 IC 2 CELL 6: 3.8118 V
2021-04-25 14:20:36.134836 IC 2 CELL 7: 3.8118 V
2021-04-25 14:20:36.134836 IC 2 CELL 8: 3.8271 V
2021-04-25 14:20:36.138200 IC 3 CELL 0: 3.7455 V
2021-04-25 14:20:36.138200 IC 3 CELL 1: 3.7672 V
2021-04-25 14:20:36.138200 IC 3 CELL 2: 3.7904 V
2021-04-25 14:20:36.141144 IC 3 CELL 3: 3.7983 V
2021-04-25 14:20:36.141144 IC 3 CELL 4: 3.809 V
2021-04-25 14:20:36.141144 IC 3 CELL 5: 3.7499 V
2021-04-25 14:20:36.144153 IC 3 CELL 6: 3.7667 V
2021-04-25 14:20:36.144153 IC 3 CELL 7: 3.7922 V
2021-04-25 14:20:36.144153 IC 3 CELL 8: 3.8042 V
2021-04-25 14:20:36.474901 IC 4 CELL 0: 3.7329 V
2021-04-25 14:20:36.474901 IC 4 CELL 1: 3.7741 V
2021-04-25 14:20:36.474901 IC 4 CELL 2: 3.7869 V
2021-04-25 14:20:36.477145 IC 4 CELL 3: 3.7993 V
2021-04-25 14:20:36.477145 IC 4 CELL 4: 3.8084 V
2021-04-25 14:20:36.477145 IC 4 CELL 5: 3.7536 V
2021-04-25 14:20:36.479150 IC 4 CELL 6: 3.7646 V
2021-04-25 14:20:36.479150 IC 4 CELL 7: 3.7894 V
2021-04-25 14:20:36.479150 IC 4 CELL 8: 3.8002 V
2021-04-25 14:20:36.481170 IC 5 CELL 0: 3.7275 V
2021-04-25 14:20:36.481170 IC 5 CELL 1: 3.735 V
2021-04-25 14:20:36.481170 IC 5 CELL 2: 3.74 V
2021-04-25 14:20:36.483297 IC 5 CELL 3: 3.7397 V
2021-04-25 14:20:36.483297 IC 5 CELL 4: 3.7434 V
2021-04-25 14:20:36.483297 IC 5 CELL 5: 3.7302 V
2021-04-25 14:20:36.485926 IC 5 CELL 6: 3.7358 V
2021-04-25 14:20:36.485926 IC 5 CELL 7: 3.7315 V
2021-04-25 14:20:36.485926 IC 5 CELL 8: 3.7352 V
2021-04-25 14:20:36.488864 IC 6 CELL 0: 3.714 V
2021-04-25 14:20:36.488864 IC 6 CELL 1: 3.7329 V
2021-04-25 14:20:36.488864 IC 6 CELL 2: 3.7307 V
2021-04-25 14:20:36.492132 IC 6 CELL 3: 3.745 V
2021-04-25 14:20:36.492132 IC 6 CELL 4: 3.7383 V
2021-04-25 14:20:36.492132 IC 6 CELL 5: 3.7292 V
2021-04-25 14:20:36.495160 IC 6 CELL 6: 3.731 V
2021-04-25 14:20:36.495160 IC 6 CELL 7: 3.7375 V
2021-04-25 14:20:36.495160 IC 6 CELL 8: 3.7382 V
2021-04-25 14:20:36.497798 IC 7 CELL 0: 3.7267 V
2021-04-25 14:20:36.497798 IC 7 CELL 1: 3.7331 V
2021-04-25 14:20:36.497798 IC 7 CELL 2: 3.7337 V
2021-04-25 14:20:36.501647 IC 7 CELL 3: 3.7381 V
2021-04-25 14:20:36.501647 IC 7 CELL 4: 3.7418 V
2021-04-25 14:20:36.501647 IC 7 CELL 5: 3.7285 V
2021-04-25 14:20:36.504779 IC 7 CELL 6: 3.7358 V
2021-04-25 14:20:36.504779 IC 7 CELL 7: 3.7368 V
2021-04-25 14:20:36.504779 IC 7 CELL 8: 3.7335 V
2021-04-25 14:20:36.507392 BMS AVERAGE TEMPERATURE: 30.42 C
2021-04-25 14:20:36.507392 BMS LOW TEMPERATURE: 29.61 C
2021-04-25 14:20:36.507392 BMS HIGH TEMPERATURE: 31.37 C
2021-04-25 14:20:36.510219 IC 0 THERM 0: 31.08 C
2021-04-25 14:20:36.510219 IC 0 THERM 1: 30.82 C
2021-04-25 14:20:36.510219 IC 0 THERM 2: 31.36 C
2021-04-25 14:20:36.512805 IC 1 THERM 0: 30.72 C
2021-04-25 14:20:36.512805 IC 1 THERM 1: 30.71 C
2021-04-25 14:20:36.512805 IC 1 THERM 2: 30.39 C
2021-04-25 14:20:36.515401 IC 2 THERM 0: 30.54 C
2021-04-25 14:20:36.515401 IC 2 THERM 1: 30.35 C
2021-04-25 14:20:36.515401 IC 2 THERM 2: 30.27 C
2021-04-25 14:20:36.517758 IC 3 THERM 0: 30.23 C
2021-04-25 14:20:36.517758 IC 3 THERM 1: 30.42 C
2021-04-25 14:20:36.517758 IC 3 THERM 2: 29.97 C
2021-04-25 14:20:36.519792 IC 4 THERM 0: 30.33 C
2021-04-25 14:20:36.519792 IC 4 THERM 1: 30.56 C
2021-04-25 14:20:36.519792 IC 4 THERM 2: 30.51 C
2021-04-25 14:20:36.540193 IC 5 THERM 0: 30.45 C
2021-04-25 14:20:36.540193 IC 5 THERM 1: 29.58 C
2021-04-25 14:20:36.540193 IC 5 THERM 2: 29.83 C
2021-04-25 14:20:36.543013 IC 6 THERM 0: 30.4 C
2021-04-25 14:20:36.543013 IC 6 THERM 1: 30.91 C
2021-04-25 14:20:36.543013 IC 6 THERM 2: 30.23 C
2021-04-25 14:20:36.706390 IC 7 THERM 0: 30.78 C
2021-04-25 14:20:36.706390 IC 7 THERM 1: 30.2 C
2021-04-25 14:20:36.706390 IC 7 THERM 2: 29.84 C
2021-04-25 14:20:36.709484 BMS STATE: 1
2021-04-25 14:20:36.709484 BMS ERROR FLAGS: 0x00
2021-04-25 14:20:36.709484 BMS CURRENT: -63.24 A
2021-04-25 14:20:36.712502 BMS TOTAL CHARGE: 235389.2607 C
2021-04-25 14:20:36.712502 BMS TOTAL DISCHARGE: 45557.837 C
2021-04-25 14:20:36.715220 REQUESTED TORQUE: 27.4 Nm
2021-04-25 14:20:36.718557 MCU STATE: 255
2021-04-25 14:20:36.718557 MCU BMS FAULT: True
2021-04-25 14:20:36.718557 MCU IMD FAULT: True
2021-04-25 14:20:36.718557 MCU INVERTER POWER: ON
2021-04-25 14:20:36.718557 MCU SHUTDOWN ABOVE THRESH: BF
2021-04-25 14:20:36.718557 MCU TEMPERATURE: -29619
2021-04-25 14:20:36.718557 MCU GLV VOLTAGE: 376.34 V
2021-04-25 14:20:36.723924 MOTOR ANGLE: 346.1
2021-04-25 14:20:36.723924 MOTOR SPEED: -3078 RPM
2021-04-25 14:20:36.723924 ELEC OUTPUT FREQ: -513.1
2021-04-25 14:20:36.723924 DELTA RESOLVER FILT: 595
2021-04-25 14:20:36.726397 PHASE A CURRENT: 61.3 A
2021-04-25 14:20:36.726397 PHASE B CURRENT: -43.1 A
2021-04-25 14:20:36.726397 PHASE C CURRENT: -19.8 A
2021-04-25 14:20:36.726397 DC BUS CURRENT: 23.9 A
2021-04-25 14:20:36.729731 DC BUS VOLTAGE: 274.2 V
2021-04-25 14:20:36.729731 OUTPUT VOLTAGE: 85.9 V
2021-04-25 14:20:36.729731 PHASE AB VOLTAGE: 29.9 V
2021-04-25 14:20:36.729731 PHASE BC VOLTAGE: 80.5 V
2021-04-25 14:20:37.040479 MOTOR ANGLE: 301.7
2021-04-25 14:20:37.040479 MOTOR SPEED: -2829 RPM
2021-04-25 14:20:37.040479 ELEC OUTPUT FREQ: -471.5
2021-04-25 14:20:37.040479 DELTA RESOLVER FILT: 650
2021-04-25 14:20:37.100428 PHASE A CURRENT: 31.1 A
2021-04-25 14:20:37.100428 PHASE B CURRENT: -53.1 A
2021-04-25 14:20:37.100428 PHASE C CURRENT: 19.4 A
2021-04-25 14:20:37.100428 DC BUS CURRENT: 18.3 A
2021-04-25 14:20:37.104115 DC BUS VOLTAGE: 275.8 V
2021-04-25 14:20:37.104115 OUTPUT VOLTAGE: 77.0 V
2021-04-25 14:20:37.104115 PHASE AB VOLTAGE: 18.6 V
2021-04-25 14:20:37.104115 PHASE BC VOLTAGE: 74.8 V
2021-04-25 14:20:37.107863 COMMANDED TORQUE: 21.5 Nm
2021-04-25 14:20:37.107863 TORQUE FEEDBACK: 20.7 Nm
2021-04-25 14:20:37.107863 RMS UPTIME: 1049 s
2021-04-25 14:20:37.110172 REQUESTED TORQUE: 21.5 Nm
2021-04-25 14:20:37.112048 MCU PEDAL ACCEL 1: 1993
2021-04-25 14:20:37.112048 MCU PEDAL ACCEL 2: 2088
2021-04-25 14:20:37.112048 MCU PEDAL BRAKE: 872
2021-04-25 14:20:37.112048 MCU IMPLAUS ACCEL: 0
2021-04-25 14:20:37.112048 MCU IMPLAUS BRAKE: 1
2021-04-25 14:20:37.112048 MCU BRAKE ACT: 0
2021-04-25 14:20:37.112048 MCU TORQUE MAP MODE: 2
2021-04-25 14:20:37.114136 TCU WHEEL RPM REAR LEFT: 64.02 RPM
2021-04-25 14:20:37.114136 TCU WHEEL RPM REAR RIGHT: 64.02 RPM
2021-04-25 14:20:37.118124 TCU WHEEL RPM FRONT LEFT: 0.0 RPM
2021-04-25 14:20:37.118124 TCU WHEEL RPM FRONT RIGHT: 2.88 RPM
2021-04-25 14:20:37.120993 TCU DISTANCE TRAVELED: 0.0 m
2021-04-25 14:20:37.128404 MOTOR ANGLE: 349.0
2021-04-25 14:20:37.128404 MOTOR SPEED: -2667 RPM
2021-04-25 14:20:37.128404 ELEC OUTPUT FREQ: -444.5
2021-04-25 14:20:37.128404 DELTA RESOLVER FILT: 681
2021-04-25 14:20:37.132317 PHASE A CURRENT: -4.0 A
2021-04-25 14:20:37.132317 PHASE B CURRENT: 8.1 A
2021-04-25 14:20:37.132317 PHASE C CURRENT: -1.9 A
2021-04-25 14:20:37.132317 DC BUS CURRENT: -1.3 A
2021-04-25 14:20:37.135803 DC BUS VOLTAGE: 277.9 V
2021-04-25 14:20:37.135803 OUTPUT VOLTAGE: 46.7 V
2021-04-25 14:20:37.135803 PHASE AB VOLTAGE: 5.8 V
2021-04-25 14:20:37.135803 PHASE BC VOLTAGE: 46.3 V
2021-04-25 14:20:37.140130 ECU CURRENT: 1.85 A
2021-04-25 14:20:37.140130 COOLING CURRENT: 1.58 A
2021-04-25 14:20:37.143151 MOTOR ANGLE: 198.2
2021-04-25 14:20:37.143151 MOTOR SPEED: -2084 RPM
2021-04-25 14:20:37.143151 ELEC OUTPUT FREQ: -347.3
2021-04-25 14:20:37.143151 DELTA RESOLVER FILT: 774
2021-04-25 14:20:37.153993 PHASE A CURRENT: -5.4 A
2021-04-25 14:20:37.153993 PHASE B CURRENT: 2.5 A
2021-04-25 14:20:37.153993 PHASE C CURRENT: 4.1 A
2021-04-25 14:20:37.153993 DC BUS CURRENT: 1.4 A
2021-04-25 14:20:37.157517 DC BUS VOLTAGE: 278.3 V
2021-04-25 14:20:37.157517 OUTPUT VOLTAGE: 50.2 V
2021-04-25 14:20:37.157517 PHASE AB VOLTAGE: 5.6 V
2021-04-25 14:20:37.157517 PHASE BC VOLTAGE: 49.9 V
2021-04-25 14:20:37.330937 COMMANDED TORQUE: 1.5 Nm
2021-04-25 14:20:37.330937 TORQUE FEEDBACK: 2.0 Nm
2021-04-25 14:20:37.330937 RMS UPTIME: 1050 s
2021-04-25 14:20:37.335501 REQUESTED TORQUE: 2.8 Nm
2021-04-25 14:20:37.338676 MCU PEDAL ACCEL 1: 1937
2021-04-25 14:20:37.338676 MCU PEDAL ACCEL 2: 2150
2021-04-25 14:20:37.338676 MCU PEDAL BRAKE: 424
2021-04-25 14:20:37.338676 MCU IMPLAUS ACCEL: 1
2021-04-25 14:20:37.338676 MCU IMPLAUS BRAKE: 0
2021-04-25 14:20:37.338676 MCU BRAKE ACT: 1
2021-04-25 14:20:37.338676 MCU TORQUE MAP MODE: 1
2021-04-25 14:20:37.341996 TCU WHEEL RPM REAR LEFT: 47.3 RPM
2021-04-25 14:20:37.341996 TCU WHEEL RPM REAR RIGHT: 47.3 RPM
2021-04-25 14:20:37.344742 TCU WHEEL RPM FRONT LEFT: 0.0 RPM
2021-04-25 14:20:37.344742 TCU WHEEL RPM FRONT RIGHT: 2.88 RPM
2021-04-25 14:20:37.347521 TCU DISTANCE TRAVELED: 0.0 m
2021-04-25 14:20:37.353956 MOTOR ANGLE: 122.0
2021-04-25 14:20:37.353956 MOTOR SPEED: -2101 RPM
2021-04-25 14:20:37.353956 ELEC OUTPUT FREQ: -350.2
2021-04-25 14:20:37.353956 DELTA RESOLVER FILT: 763
2021-04-25 14:20:37.358491 PHASE A CURRENT: -26.2 A
2021-04-25 14:20:37.358491 PHASE B CURRENT: 54.1 A
2021-04-25 14:20:37.358491 PHASE C CURRENT: -28.0 A
2021-04-25 14:20:37.358491 DC BUS CURRENT: 15.3 A
2021-04-25 14:20:37.608326 DC BUS VOLTAGE: 277.5 V
2021-04-25 14:20:37.608326 OUTPUT VOLTAGE: 59.0 V
2021-04-25 14:20:37.608326 PHASE AB VOLTAGE: 13.4 V
2021-04-25 14:20:37.608326 PHASE BC VOLTAGE: 57.5 V
2021-04-25 14:20:37.657640 MOTOR ANGLE: 324.4
2021-04-25 14:20:37.657640 MOTOR SPEED: -2196 RPM
2021-04-25 14:20:37.657640 ELEC OUTPUT FREQ: -366.0
2021-04-25 14:20:37.657640 DELTA RESOLVER FILT: 711
2021-04-25 14:20:37.660959 PHASE A CURRENT: 102.6 A
2021-04-25 14:20:37.660959 PHASE B CURRENT: -126.6 A
2021-04-25 14:20:37.660959 PHASE C CURRENT: 20.2 A
2021-04-25 14:20:37.660959 DC BUS CURRENT: 38.0 A
2021-04-25 14:20:37.663922 DC BUS VOLTAGE: 274.0 V
2021-04-25 14:20:37.663922 OUTPUT VOLTAGE: 65.2 V
2021-04-25 14:20:37.663922 PHASE AB VOLTAGE: 24.4 V
2021-04-25 14:20:37.663922 PHASE BC VOLTAGE: 60.4 V
2021-04-25 14:20:37.666245 COMMANDED TORQUE: 49.5 Nm
2021-04-25 14:20:37.666245 TORQUE FEEDBACK: 52.3 Nm
2021-04-25 14:20:37.666245 RMS UPTIME: 1050 s
2021-04-25 14:20:37.668460 REQUESTED TORQUE: 48.5 Nm
2021-04-25 14:20:37.670305 MCU PEDAL ACCEL 1: 2076
2021-04-25 14:20:37.670305 MCU PEDAL ACCEL 2: 2003
2021-04-25 14:20:37.670305 MCU PEDAL BRAKE: 423
2021-04-25 14:20:37.670305 MCU IMPLAUS ACCEL: 0
2021-04-25 14:20:37.670305 MCU IMPLAUS BRAKE: 0
2021-04-25 14:20:37.670305 MCU BRAKE ACT: 1
2021-04-25 14:20:37.670305 MCU TORQUE MAP MODE: 1
2021-04-25 14:20:37.672214 TCU WHEEL RPM REAR LEFT: 47.28 RPM
2021-04-25 14:20:37.672214 TCU WHEEL RPM REAR RIGHT: 47.28 RPM
2021-04-25 14:20:37.674026 TCU WHEEL RPM FRONT LEFT: 0.0 RPM
2021-04-25 14:20:37.674026 TCU WHEEL RPM FRONT RIGHT: 2.88 RPM
2021-04-25 14:20:37.676468 TCU DISTANCE TRAVELED: 0.0 m
2021-04-25 14:20:37.680789 MOTOR ANGLE: 17.7
2021-04-25 14:20:37.680789 MOTOR SPEED: -2501 RPM
2021-04-25 14:20:37.680789 ELEC OUTPUT FREQ: -416.8
2021-04-25 14:20:37.680789 DELTA RESOLVER FILT: 690
2021-04-25 14:20:37.683260 PHASE A CURRENT: 84.4 A
2021-04-25 14:20:37.683260 PHASE B CURRENT: -32.0 A
2021-04-25 14:20:37.683260 PHASE C CURRENT: -54.1 A
2021-04-25 14:20:37.683260 DC BUS CURRENT: 26.8 A
2021-04-25 14:20:37.685970 DC BUS VOLTAGE: 275.0 V
2021-04-25 14:20:37.685970 OUTPUT VOLTAGE: 70.5 V
2021-04-25 14:20:37.685970 PHASE AB VOLTAGE: 27.0 V
2021-04-25 14:20:37.685970 PHASE BC VOLTAGE: 65.1 V
2021-04-25 14:20:37.689644 MOTOR ANGLE: 9.7
2021-04-25 14:20:37.689644 MOTOR SPEED: -1942 RPM
2021-04-25 14:20:37.689644 ELEC OUTPUT FREQ: -323.7
2021-04-25 14:20:37.689644 DELTA RESOLVER FILT: 724
2021-04-25 14:20:37.691620 PHASE A CURRENT: -4.0 A
2021-04-25 14:20:37.691620 PHASE B CURRENT: 21.8 A
2021-04-25 14:20:37.691620 PHASE C CURRENT: -20.1 A
2021-04-25 14:20:37.691620 DC BUS CURRENT: 1.3 A
2021-04-25 14:20:37.710865 DC BUS VOLTAGE: 277.8 V
2021-04-25 14:20:37.710865 OUTPUT VOLTAGE: 49.0 V
2021-04-25 14:20:37.710865 PHASE AB VOLTAGE: -3.9 V
2021-04-25 14:20:37.710865 PHASE BC VOLTAGE: 48.9 V
2021-04-25 14:20:37.712874 VSM STATE: 6
2021-04-25 14:20:37.712874 INVERTER STATE: 8
2021-04-25 14:20:37.712874 INVERTER RUN MODE: 0
2021-04-25 14:20:37.712874 INVERTER ACTIVE DISCHARGE STATE: 0
2021-04-25 14:20:37.712874 INVERTER COMMAND MODE: 0
2021-04-25 14:20:37.712874 INVERTER ENABLE: 1
2021-04-25 14:20:37.712874 INVERTER LOCKOUT: 0
2021-04-25 14:20:37.712874 DIRECTION COMMAND: 1
2021-04-25 14:20:37.817932 POST FAULT LO: 0x00
2021-04-25 14:20:37.817932 POST FAULT HI: 0x00
2021-04-25 14:20:37.817932 RUN FAULT LO: 0x00
2021-04-25 14:20:37.817932 RUN FAULT HI: 0x00
2021-04-25 14:20:37.820291 COMMANDED TORQUE: 2.7 Nm
2021-04-25 14:20:37.820291 TORQUE FEEDBACK: 5.5 Nm
2021-04-25 14:20:37.820291 RMS UPTIME: 1050 s
2021-04-25 14:20:37.822893 BMS VOLTAGE AVERAGE: 3.8118 V
2021-04-25 14:20:37.822893 BMS VOLTAGE LOW: 3.8015 V
2021-04-25 14:20:37.822893 BMS VOLTAGE HIGH: 3.8283 V
2021-04-25 14:20:37.822893 BMS VOLTAGE TOTAL: 274.45 V
2021-04-25 14:20:37.825926 BMS STATE: 1
2021-04-25 14:20:37.825926 BMS ERROR FLAGS: 0x00
2021-04-25 14:20:37.825926 BMS CURRENT: -1.34 A
2021-04-25 14:20:37.828638 BMS TOTAL CHARGE: 235389.2607 C
2021-04-25 14:20:37.828638 BMS TOTAL DISCHARGE: 32191.4882 C
2021-04-25 14:20:37.831635 REQUESTED TORQUE: 1.4 Nm
2021-04-25 14:20:37.834389 MCU STATE: 255
2021-04-25 14:20:37.834389 MCU BMS FAULT: True
2021-04-25 14:20:37.834389 MCU IMD FAULT: True
2021-04-25 14:20:37.834389 MCU INVERTER POWER: ON
2021-04-25 14:20:37.834389 MCU SHUTDOWN ABOVE THRESH: BF
2021-04-25 14:20:37.834389 MCU TEMPERATURE: -29619
2021-04-25 14:20:37.834389 MCU GLV VOLTAGE: 296.98 V
2021-04-25 14:20:37.837587 MCU PEDAL ACCEL 1: 1930
2021-04-25 14:20:37.837587 MCU PEDAL ACCEL 2: 2152
2021-04-25 14:20:37.837587 MCU PEDAL BRAKE: 424
2021-04-25 14:20:37.837587 MCU IMPLAUS ACCEL: 1
2021-04-25 14:20:37.837587 MCU IMPLAUS BRAKE: 0
2021-04-25 14:20:37.837587 MCU BRAKE ACT: 1
2021-04-25 14:20:37.837587 MCU TORQUE MAP MODE: 1
2021-04-25 14:20:37.840331 TCU WHEEL RPM REAR LEFT: 51.03 RPM
2021-04-25 14:20:37.840331 TCU WHEEL RPM REAR RIGHT: 51.03 RPM
2021-04-25 14:20:37.842964 TCU WHEEL RPM FRONT LEFT: 0.0 RPM
2021-04-25 14:20:37.842964 TCU WHEEL RPM FRONT RIGHT: 2.88 RPM
2021-04-25 14:20:38.189856 TCU DISTANCE TRAVELED: 0.0 m
2021-04-25 14:20:38.224262 ECU CURRENT: 654.36 A
2021-04-25 14:20:38.224262 COOLING CURRENT: 1.08 A
2021-04-25 14:20:38.228036 MOTOR ANGLE: 183.8
2021-04-25 14:20:38.228036 MOTOR SPEED: -1986 RPM
2021-04-25 14:20:38.228036 ELEC OUTPUT FREQ: -331.0
2021-04-25 14:20:38.228036 DELTA RESOLVER FILT: 768
2021-04-25 14:20:38.231223 PHASE A CURRENT: -5.4 A
2021-04-25 14:20:38.231223 PHASE B CURRENT: 5.4 A
2021-04-25 14:20:38.231223 PHASE C CURRENT: -5.4 A
2021-04-25 14:20:38.231223 DC BUS CURRENT: 0.9 A
2021-04-25 14:20:38.234450 DC BUS VOLTAGE: 278.1 V
2021-04-25 14:20:38.234450 OUTPUT VOLTAGE: 48.5 V
2021-04-25 14:20:38.234450 PHASE AB VOLTAGE: 6.3 V
2021-04-25 14:20:38.234450 PHASE BC VOLTAGE: 48.1 V
2021-04-25 14:20:38.237603 MOTOR ANGLE: 252.7
2021-04-25 14:20:38.237603 MOTOR SPEED: -2025 RPM
2021-04-25 14:20:38.237603 ELEC OUTPUT FREQ: -337.5
2021-04-25 14:20:38.237603 DELTA RESOLVER FILT: 766
2021-04-25 14:20:38.240008 PHASE A CURRENT: -11.0 A
2021-04-25 14:20:38.240008 PHASE B CURRENT: -6.8 A
2021-04-25 14:20:38.240008 PHASE C CURRENT: 24.6 A
2021-04-25 14:20:38.240008 DC BUS CURRENT: 5.2 A
2021-04-25 14:20:38.242766 DC BUS VOLTAGE: 278.1 V
2021-04-25 14:20:38.242766 OUTPUT VOLTAGE: 54.3 V
2021-04-25 14:20:38.242766 PHASE AB VOLTAGE: 11.1 V
2021-04-25 14:20:38.242766 PHASE BC VOLTAGE: 53.1 V
2021-04-25 14:20:38.245746 COMMANDED TORQUE: 9.6 Nm
2021-04-25 14:20:38.245746 TORQUE FEEDBACK: 6.5 Nm
2021-04-25 14:20:38.245746 RMS UPTIME: 1051 s
2021-04-25 14:20:38.248415 REQUESTED TORQUE: 22.1 Nm
2021-04-25 14:20:38.251236 MCU PEDAL ACCEL 1: 1996
2021-04-25 14:20:38.251236 MCU PEDAL ACCEL 2: 2088
2021-04-25 14:20:38.251236 MCU PEDAL BRAKE: 424
2021-04-25 14:20:38.251236 MCU IMPLAUS ACCEL: 0
2021-04-25 14:20:38.251236 MCU IMPLAUS BRAKE: 0
2021-04-25 14:20:38.251236 MCU BRAKE ACT: 1
2021-04-25 14:20:38.251236 MCU TORQUE MAP MODE: 1
2021-04-25 14:20:38.254131 TCU WHEEL RPM REAR LEFT: 49.09 RPM
2021-04-25 14:20:38.254131 TCU WHEEL RPM REAR RIGHT: 49.09 RPM
2021-04-25 14:20:38.257196 TCU WHEEL RPM FRONT LEFT: 0.0 RPM
2021-04-25 14:20:38.257196 TCU WHEEL RPM FRONT RIGHT: 2.88 RPM
2021-04-25 14:20:38.259878 TCU DISTANCE TRAVELED: 0.0 m
2021-04-25 14:20:38.264413 MOTOR ANGLE: 281.7
2021-04-25 14:20:38.264413 MOTOR SPEED: -2078 RPM
2021-04-25 14:20:38.264413 ELEC OUTPUT FREQ: -346.4
2021-04-25 14:20:38.264413 DELTA RESOLVER FILT: 739
2021-04-25 14:20:38.275518 PHASE A CURRENT: 14.7 A
2021-04-25 14:20:38.275518 PHASE B CURRENT: -66.5 A
2021-04-25 14:20:38.275518 PHASE C CURRENT: 48.1 A
2021-04-25 14:20:38.275518 DC BUS CURRENT: 19.6 A
2021-04-25 14:20:38.278974 DC BUS VOLTAGE: 276.4 V
2021-04-25 14:20:38.278974 OUTPUT VOLTAGE: 59.3 V
2021-04-25 14:20:38.278974 PHASE AB VOLTAGE: 10.6 V
2021-04-25 14:20:38.278974 PHASE BC VOLTAGE: 58.3 V
2021-04-25 14:20:38.482742 MOTOR ANGLE: 121.7
2021-04-25 14:20:38.482742 MOTOR SPEED: -2044 RPM
2021-04-25 14:20:38.482742 ELEC OUTPUT FREQ: -340.7
2021-04-25 14:20:38.482742 DELTA RESOLVER FILT: 757
2021-04-25 14:20:38.485593 PHASE A CURRENT: -6.9 A
2021-04-25 14:20:38.485593 PHASE B CURRENT: 10.1 A
2021-04-25 14:20:38.485593 PHASE C CURRENT: -1.6 A
2021-04-25 14:20:38.485593 DC BUS CURRENT: 2.0 A
2021-04-25 14:20:38.487852 DC BUS VOLTAGE: 278.3 V
2021-04-25 14:20:38.487852 OUTPUT VOLTAGE: 50.6 V
2021-04-25 14:20:38.487852 PHASE AB VOLTAGE: 4.4 V
2021-04-25 14:20:38.487852 PHASE BC VOLTAGE: 50.4 V
2021-04-25 14:20:38.490349 COMMANDED TORQUE: 3.5 Nm
2021-04-25 14:20:38.490349 TORQUE FEEDBACK: 2.9 Nm
2021-04-25 14:20:38.490349 RMS UPTIME: 1051 s
2021-04-25 14:20:38.492969 REQUESTED TORQUE: 3.5 Nm
2021-04-25 14:20:38.495777 MCU PEDAL ACCEL 1: 1940
2021-04-25 14:20:38.495777 MCU PEDAL ACCEL 2: 2148
2021-04-25 14:20:38.495777 MCU PEDAL BRAKE: 423
2021-04-25 14:20:38.495777 MCU IMPLAUS ACCEL: 1
2021-04-25 14:20:38.495777 MCU IMPLAUS BRAKE: 0
2021-04-25 14:20:38.495777 MCU BRAKE ACT: 1
2021-04-25 14:20:38.495777 MCU TORQUE MAP MODE: 1
2021-04-25 14:20:38.498868 TCU WHEEL RPM REAR LEFT: 42.64 RPM
2021-04-25 14:20:38.498868 TCU WHEEL RPM REAR RIGHT: 42.64 RPM
2021-04-25 14:20:38.501525 TCU WHEEL RPM FRONT LEFT: 0.0 RPM
2021-04-25 14:20:38.501525 TCU WHEEL RPM FRONT RIGHT: 2.88 RPM
2021-04-25 14:20:38.695641 TCU DISTANCE TRAVELED: 0.0 m
2021-04-25 14:20:38.792827 MOTOR ANGLE: 182.3
2021-04-25 14:20:38.792827 MOTOR SPEED: -1964 RPM
2021-04-25 14:20:38.792827 ELEC OUTPUT FREQ: -327.4
2021-04-25 14:20:38.792827 DELTA RESOLVER FILT: 773
2021-04-25 14:20:38.797556 PHASE A CURRENT: -12.2 A
2021-04-25 14:20:38.797556 PHASE B CURRENT: 5.2 A
2021-04-25 14:20:38.797556 PHASE C CURRENT: 7.1 A
2021-04-25 14:20:38.797556 DC BUS CURRENT: 2.5 A
2021-04-25 14:20:38.801290 DC BUS VOLTAGE: 278.3 V
2021-04-25 14:20:38.801290 OUTPUT VOLTAGE: 49.1 V
2021-04-25 14:20:38.801290 PHASE AB VOLTAGE: 5.3 V
2021-04-25 14:20:38.801290 PHASE BC VOLTAGE: 48.8 V
2021-04-25 14:20:38.807553 ECU CURRENT: 654.92 A
2021-04-25 14:20:38.807553 COOLING CURRENT: 2.02 A
2021-04-25 14:20:38.810750 MOTOR ANGLE: 247.8
2021-04-25 14:20:38.810750 MOTOR SPEED: -1981 RPM
2021-04-25 14:20:38.810750 ELEC OUTPUT FREQ: -330.1
2021-04-25 14:20:38.810750 DELTA RESOLVER FILT: 778
2021-04-25 14:20:38.813991 PHASE A CURRENT: -2.5 A
2021-04-25 14:20:38.813991 PHASE B CURRENT: -6.5 A
2021-04-25 14:20:38.813991 PHASE C CURRENT: 4.4 A
2021-04-25 14:20:38.813991 DC BUS CURRENT: 1.3 A
2021-04-25 14:20:38.817257 DC BUS VOLTAGE: 278.4 V
2021-04-25 14:20:38.817257 OUTPUT VOLTAGE: 47.8 V
2021-04-25 14:20:38.817257 PHASE AB VOLTAGE: 3.8 V
2021-04-25 14:20:38.817257 PHASE BC VOLTAGE: 47.7 V
2021-04-25 14:20:38.896725 COMMANDED TORQUE: 1.5 Nm
2021-04-25 14:20:38.896725 TORQUE FEEDBACK: 3.5 Nm
2021-04-25 14:20:38.896725 RMS UPTIME: 1051 s
2021-04-25 14:20:38.899661 REQUESTED TORQUE: 1.2 Nm
2021-04-25 14:20:38.902835 MOTOR ANGLE: 25.1
2021-04-25 14:20:38.902835 MOTOR SPEED: -2011 RPM
2021-04-25 14:20:38.902835 ELEC OUTPUT FREQ: -335.2
2021-04-25 14:20:38.902835 DELTA RESOLVER FILT: 719
2021-04-25 14:20:38.905399 PHASE A CURRENT: 41.3 A
2021-04-25 14:20:38.905399 PHASE B CURRENT: -12.3 A
2021-04-25 14:20:38.905399 PHASE C CURRENT: -30.6 A
2021-04-25 14:20:38.905399 DC BUS CURRENT: 10.5 A
2021-04-25 14:20:38.908207 DC BUS VOLTAGE: 277.3 V
2021-04-25 14:20:38.908207 OUTPUT VOLTAGE: 56.1 V
2021-04-25 14:20:38.908207 PHASE AB VOLTAGE: 11.7 V
2021-04-25 14:20:38.908207 PHASE BC VOLTAGE: 54.8 V
2021-04-25 14:20:38.913569 MOTOR ANGLE: 172.0
2021-04-25 14:20:38.913569 MOTOR SPEED: -1932 RPM
2021-04-25 14:20:38.913569 ELEC OUTPUT FREQ: -322.1
2021-04-25 14:20:38.913569 DELTA RESOLVER FILT: 739
2021-04-25 14:20:38.916470 PHASE A CURRENT: -21.3 A
2021-04-25 14:20:38.916470 PHASE B CURRENT: 9.3 A
2021-04-25 14:20:38.916470 PHASE C CURRENT: 12.3 A
2021-04-25 14:20:38.916470 DC BUS CURRENT: 4.9 A
2021-04-25 14:20:38.919185 DC BUS VOLTAGE: 278.0 V
2021-04-25 14:20:38.919185 OUTPUT VOLTAGE: 52.7 V
2021-04-25 14:20:38.919185 PHASE AB VOLTAGE: 5.0 V
2021-04-25 14:20:38.919185 PHASE BC VOLTAGE: 52.5 V
2021-04-25 14:20:39.000842 COMMANDED TORQUE: 8.4 Nm
2021-04-25 14:20:39.000842 TORQUE FEEDBACK: 8.1 Nm
2021-04-25 14:20:39.000842 RMS UPTIME: 1052 s
2021-04-25 14:20:39.004234 REQUESTED TORQUE: 1.1 Nm
2021-04-25 14:20:39.007129 MCU PEDAL ACCEL 1: 1931
2021-04-25 14:20:39.007129 MCU PEDAL ACCEL 2: 2153
2021-04-25 14:20:39.007129 MCU PEDAL BRAKE: 423
2021-04-25 14:20:39.007129 MCU IMPLAUS ACCEL: 0
2021-04-25 14:20:39.007129 MCU IMPLAUS BRAKE: 0
2021-04-25 14:20:39.007129 MCU BRAKE ACT: 1
2021-04-25 14:20:39.007129 MCU TORQUE MAP MODE: 1
2021-04-25 14:20:39.010131 TCU WHEEL RPM REAR LEFT: 47.46 RPM
2021-04-25 14:20:39.010131 TCU WHEEL RPM REAR RIGHT: 47.46 RPM
2021-04-25 14:20:39.012823 TCU WHEEL RPM FRONT LEFT: 0.0 RPM
2021-04-25 14:20:39.012823 TCU WHEEL RPM FRONT RIGHT: 2.88 RPM
2021-04-25 14:20:39.015709 TCU DISTANCE TRAVELED: 0.0 m
2021-04-25 14:20:39.021272 MOTOR ANGLE: 165.8
2021-04-25 14:20:39.021272 MOTOR SPEED: -1834 RPM
2021-04-25 14:20:39.021272 ELEC OUTPUT FREQ: -305.6
2021-04-25 14:20:39.021272 DELTA RESOLVER FILT: 779
2021-04-25 14:20:39.024278 PHASE A CURRENT: -0.5 A
2021-04-25 14:20:39.024278 PHASE B CURRENT: -0.9 A
2021-04-25 14:20:39.024278 PHASE C CURRENT: 6.5 A
2021-04-25 14:20:39.024278 DC BUS CURRENT: -0.2 A
2021-04-25 14:20:39.027905 DC BUS VOLTAGE: 279.0 V
2021-04-25 14:20:39.027905 OUTPUT VOLTAGE: 43.2 V
2021-04-25 14:20:39.027905 PHASE AB VOLTAGE: 1.9 V
2021-04-25 14:20:39.027905 PHASE BC VOLTAGE: 43.1 V
2021-04-25 14:20:39.433399 ECU CURRENT: 654.51 A
2021-04-25 14:20:39.433399 COOLING CURRENT: 654.1 A
2021-04-25 14:20:39.673639 MOTOR ANGLE: 274.8
2021-04-25 14:20:39.673639 MOTOR SPEED: -1909 RPM
2021-04-25 14:20:39.673639 ELEC OUTPUT FREQ: -318.2
2021-04-25 14:20:39.673639 DELTA RESOLVER FILT: 779
2021-04-25 14:20:39.676340 PHASE A CURRENT: -11.3 A
2021-04-25 14:20:39.676340 PHASE B CURRENT: -17.6 A
2021-04-25 14:20:39.676340 PHASE C CURRENT: 21.1 A
2021-04-25 14:20:39.676340 DC BUS CURRENT: 5.7 A
2021-04-25 14:20:39.678866 DC BUS VOLTAGE: 278.9 V
2021-04-25 14:20:39.678866 OUTPUT VOLTAGE: 51.8 V
2021-04-25 14:20:39.678866 PHASE AB VOLTAGE: 11.2 V
2021-04-25 14:20:39.678866 PHASE BC VOLTAGE: 50.6 V
2021-04-25 14:20:39.681268 COMMANDED TORQUE: 9.8 Nm
2021-04-25 14:20:39.681268 TORQUE FEEDBACK: 10.0 Nm
2021-04-25 14:20:39.681268 RMS UPTIME: 1052 s
2021-04-25 14:20:39.683613 REQUESTED TORQUE: 50.7 Nm
2021-04-25 14:20:39.685972 MCU PEDAL ACCEL 1: 2084
2021-04-25 14:20:39.685972 MCU PEDAL ACCEL 2: 1999
2021-04-25 14:20:39.685972 MCU PEDAL BRAKE: 423
2021-04-25 14:20:39.685972 MCU IMPLAUS ACCEL: 1
2021-04-25 14:20:39.685972 MCU IMPLAUS BRAKE: 0
2021-04-25 14:20:39.685972 MCU BRAKE ACT: 1
2021-04-25 14:20:39.685972 MCU TORQUE MAP MODE: 1
2021-04-25 14:20:39.688273 TCU WHEEL RPM REAR LEFT: 45.74 RPM
2021-04-25 14:20:39.688273 TCU WHEEL RPM REAR RIGHT: 45.74 RPM
2021-04-25 14:20:39.695951 TCU WHEEL RPM FRONT LEFT: 0.0 RPM
2021-04-25 14:20:39.695951 TCU WHEEL RPM FRONT RIGHT: 2.88 RPM
2021-04-25 14:20:39.698328 TCU DISTANCE TRAVELED: 0.0 m
2021-04-25 14:20:39.703589 MOTOR ANGLE: 47.6
2021-04-25 14:20:39.703589 MOTOR SPEED: -2464 RPM
2021-04-25 14:20:39.703589 ELEC OUTPUT FREQ: -410.6
2021-04-25 14:20:39.703589 DELTA RESOLVER FILT: 693
2021-04-25 14:20:39.706426 PHASE A CURRENT: 156.8 A
2021-04-25 14:20:39.706426 PHASE B CURRENT: 53.2 A
2021-04-25 14:20:39.706426 PHASE C CURRENT: -209.1 A
2021-04-25 14:20:39.706426 DC BUS CURRENT: 74.6 A
2021-04-25 14:20:39.711242 DC BUS VOLTAGE: 270.8 V
2021-04-25 14:20:39.711242 OUTPUT VOLTAGE: 73.9 V
2021-04-25 14:20:39.711242 PHASE AB VOLTAGE: 33.5 V
2021-04-25 14:20:39.711242 PHASE BC VOLTAGE: 65.9 V
2021-04-25 14:20:39.716351 MOTOR ANGLE: 98.7
2021-04-25 14:20:39.716351 MOTOR SPEED: -2205 RPM
2021-04-25 14:20:39.716351 ELEC OUTPUT FREQ: -367.6
2021-04-25 14:20:39.716351 DELTA RESOLVER FILT: 644
2021-04-25 14:20:39.718592 PHASE A CURRENT: -11.0 A
2021-04-25 14:20:39.718592 PHASE B CURRENT: 125.9 A
2021-04-25 14:20:39.718592 PHASE C CURRENT: -113.8 A
2021-04-25 14:20:39.718592 DC BUS CURRENT: 41.5 A
2021-04-25 14:20:39.721178 DC BUS VOLTAGE: 273.5 V
2021-04-25 14:20:39.721178 OUTPUT VOLTAGE: 67.7 V
2021-04-25 14:20:39.721178 PHASE AB VOLTAGE: 28.1 V
2021-04-25 14:20:39.721178 PHASE BC VOLTAGE: 61.5 V
2021-04-25 14:20:39.723642 COMMANDED TORQUE: 62.8 Nm
2021-04-25 14:20:39.723642 TORQUE FEEDBACK: 55.5 Nm
2021-04-25 14:20:39.723642 RMS UPTIME: 1052 s
2021-04-25 14:20:39.726008 REQUESTED TORQUE: 54.1 Nm
2021-04-25 14:20:39.728290 MCU PEDAL ACCEL 1: 2091
2021-04-25 14:20:39.728290 MCU PEDAL ACCEL 2: 1983
2021-04-25 14:20:39.728290 MCU PEDAL BRAKE: 423
2021-04-25 14:20:39.728290 MCU IMPLAUS ACCEL: 1
2021-04-25 14:20:39.728290 MCU IMPLAUS BRAKE: 1
2021-04-25 14:20:39.728290 MCU BRAKE ACT: 0
2021-04-25 14:20:39.728290 MCU TORQUE MAP MODE: 1
2021-04-25 14:20:39.730828 TCU WHEEL RPM REAR LEFT: 49.27 RPM
2021-04-25 14:20:39.730828 TCU WHEEL RPM REAR RIGHT: 49.27 RPM
2021-04-25 14:20:39.733704 TCU WHEEL RPM FRONT LEFT: 0.0 RPM
2021-04-25 14:20:39.733704 TCU WHEEL RPM FRONT RIGHT: 2.88 RPM
2021-04-25 14:20:39.737016 TCU DISTANCE TRAVELED: 0.0 m
2021-04-25 14:20:39.741718 PHASE A CURRENT: -86.0 A
2021-04-25 14:20:39.741718 PHASE B CURRENT: -49.8 A
2021-04-25 14:20:39.741718 PHASE C CURRENT: 140.9 A
2021-04-25 14:20:39.741718 DC BUS CURRENT: 39.5 A
2021-04-25 14:20:39.744221 DC BUS VOLTAGE: 274.3 V
2021-04-25 14:20:39.744221 OUTPUT VOLTAGE: 64.0 V
2021-04-25 14:20:39.744221 PHASE AB VOLTAGE: 20.9 V
2021-04-25 14:20:39.744221 PHASE BC VOLTAGE: 60.4 V
2021-04-25 14:20:39.897268 MOTOR ANGLE: 229.4
2021-04-25 14:20:39.897268 MOTOR SPEED: -2170 RPM
2021-04-25 14:20:39.897268 ELEC OUTPUT FREQ: -361.7
2021-04-25 14:20:39.897268 DELTA RESOLVER FILT: 635
2021-04-25 14:20:39.980587 BMS STATE: 1
2021-04-25 14:20:39.980587 BMS ERROR FLAGS: 0x00
2021-04-25 14:20:39.980587 BMS CURRENT: -9.34 A
2021-04-25 14:20:39.983005 BMS TOTAL CHARGE: 235389.2607 C
2021-04-25 14:20:39.983005 BMS TOTAL DISCHARGE: 28890.0866 C
2021-04-25 14:20:39.985339 REQUESTED TORQUE: 1.1 Nm
2021-04-25 14:20:39.988274 MCU STATE: 255
2021-04-25 14:20:39.988274 MCU BMS FAULT: True
2021-04-25 14:20:39.988274 MCU IMD FAULT: True
2021-04-25 14:20:39.988274 MCU INVERTER POWER: ON
2021-04-25 14:20:39.988274 MCU SHUTDOWN ABOVE THRESH: BF
2021-04-25 14:20:39.988274 MCU TEMPERATURE: -29619
2021-04-25 14:20:39.988274 MCU GLV VOLTAGE: 181.78 V
2021-04-25 14:20:39.995606 MCU PEDAL ACCEL 1: 1931
2021-04-25 14:20:39.995606 MCU PEDAL ACCEL 2: 2154
2021-04-25 14:20:39.995606 MCU PEDAL BRAKE: 425
2021-04-25 14:20:39.995606 MCU IMPLAUS ACCEL: 0
2021-04-25 14:20:39.995606 MCU IMPLAUS BRAKE: 0
2021-04-25 14:20:39.995606 MCU BRAKE ACT: 1
2021-04-25 14:20:39.995606 MCU TORQUE MAP MODE: 1
2021-04-25 14:20:39.999827 TCU WHEEL RPM REAR LEFT: 44.05 RPM
2021-04-25 14:20:39.999827 TCU WHEEL RPM REAR RIGHT: 44.05 RPM
2021-04-25 14:20:40.002681 TCU WHEEL RPM FRONT LEFT: 0.0 RPM
2021-04-25 14:20:40.002681 TCU WHEEL RPM FRONT RIGHT: 2.88 RPM
2021-04-25 14:20:40.005565 TCU DISTANCE TRAVELED: 0.0 m
2021-04-25 14:20:40.013123 ECU CURRENT: 0.32 A
2021-04-25 14:20:40.013123 COOLING CURRENT: 1.61 A
2021-04-25 14:20:40.016263 MOTOR ANGLE: 232.8
2021-04-25 14:20:40.016263 MOTOR SPEED: -1846 RPM
2021-04-25 14:20:40.016263 ELEC OUTPUT FREQ: -307.7
2021-04-25 14:20:40.016263 DELTA RESOLVER FILT: 725
2021-04-25 14:20:40.019756 PHASE A CURRENT: 7.6 A
2021-04-25 14:20:40.019756 PHASE B CURRENT: -7.3 A
2021-04-25 14:20:40.019756 PHASE C CURRENT: -0.2 A
2021-04-25 14:20:40.019756 DC BUS CURRENT: -0.7 A
2021-04-25 14:20:40.022455 DC BUS VOLTAGE: 278.1 V
2021-04-25 14:20:40.022455 OUTPUT VOLTAGE: 41.6 V
2021-04-25 14:20:40.022455 PHASE AB VOLTAGE: -0.8 V
2021-04-25 14:20:40.022455 PHASE BC VOLTAGE: 41.6 V
2021-04-25 14:20:40.025186 VSM STATE: 6
2021-04-25 14:20:40.025186 INVERTER STATE: 8
2021-04-25 14:20:40.025186 INVERTER RUN MODE: 0
2021-04-25 14:20:40.025186 INVERTER ACTIVE DISCHARGE STATE: 0
2021-04-25 14:20:40.025186 INVERTER COMMAND MODE: 0
2021-04-25 14:20:40.025186 INVERTER ENABLE: 1
2021-04-25 14:20:40.025186 INVERTER LOCKOUT: 0
2021-04-25 14:20:40.025186 DIRECTION COMMAND: 1
2021-04-25 14:20:40.028146 POST FAULT LO: 0x00
2021-04-25 14:20:40.028146 POST FAULT HI: 0x00
2021-04-25 14:20:40.028146 RUN FAULT LO: 0x00
2021-04-25 14:20:40.028146 RUN FAULT HI: 0x00
2021-04-25 14:20:40.031524 COMMANDED TORQUE: 1.1 Nm
2021-04-25 14:20:40.031524 TORQUE FEEDBACK: -2.1 Nm
2021-04-25 14:20:40.031524 RMS UPTIME: 1052 s
2021-04-25 14:20:40.034712 BMS VOLTAGE AVERAGE: 3.816 V
2021-04-25 14:20:40.034712 BMS VOLTAGE LOW: 3.8109 V
2021-04-25 14:20:40.034712 BMS VOLTAGE HIGH: 3.8303 V
2021-04-25 14:20:40.034712 BMS VOLTAGE TOTAL: 274.75 V
2021-04-25 14:20:40.318970 MOTOR ANGLE: 188.6
2021-04-25 14:20:40.318970 MOTOR SPEED: -2065 RPM
2021-04-25 14:20:40.318970 ELEC OUTPUT FREQ: -344.2
2021-04-25 14:20:40.318970 DELTA RESOLVER FILT: 750
2021-04-25 14:20:40.321286 PHASE A CURRENT: -12.8 A
2021-04-25 14:20:40.321286 PHASE B CURRENT: 12.2 A
2021-04-25 14:20:40.321286 PHASE C CURRENT: -5.2 A
