2021-04-25 13:39:15.758761 IC 2 CELL 6: 3.9755 V
2021-04-25 13:39:15.758761 IC 2 CELL 7: 3.9863 V
2021-04-25 13:39:15.758761 IC 2 CELL 8: 4.0274 V
2021-04-25 13:39:15.761048 IC 3 CELL 0: 3.9829 V
2021-04-25 13:39:15.761048 IC 3 CELL 1: 3.9811 V
2021-04-25 13:39:15.761048 IC 3 CELL 2: 3.9874 V
2021-04-25 13:39:15.762957 IC 3 CELL 3: 3.982 V
2021-04-25 13:39:15.762957 IC 3 CELL 4: 3.9759 V
2021-04-25 13:39:15.762957 IC 3 CELL 5: 3.9843 V
2021-04-25 13:39:15.765291 IC 3 CELL 6: 3.9753 V
2021-04-25 13:39:15.765291 IC 3 CELL 7: 3.9884 V
2021-04-25 13:39:15.765291 IC 3 CELL 8: 4.0129 V
2021-04-25 13:39:15.767726 IC 4 CELL 0: 3.9809 V
2021-04-25 13:39:15.767726 IC 4 CELL 1: 3.984 V
2021-04-25 13:39:15.767726 IC 4 CELL 2: 3.977 V
2021-04-25 13:39:15.769604 IC 4 CELL 3: 3.9939 V
2021-04-25 13:39:15.769604 IC 4 CELL 4: 3.9871 V
2021-04-25 13:39:15.769604 IC 4 CELL 5: 3.9902 V
2021-04-25 13:39:15.771517 IC 4 CELL 6: 3.9733 V
2021-04-25 13:39:15.771517 IC 4 CELL 7: 3.9831 V
2021-04-25 13:39:15.771517 IC 4 CELL 8: 3.9838 V
2021-04-25 13:39:15.773694 IC 5 CELL 0: 3.9819 V
2021-04-25 13:39:15.773694 IC 5 CELL 1: 3.9865 V
2021-04-25 13:39:15.773694 IC 5 CELL 2: 3.9901 V
2021-04-25 13:39:15.775711 IC 5 CELL 3: 3.981 V
2021-04-25 13:39:15.775711 IC 5 CELL 4: 3.9727 V
2021-04-25 13:39:15.775711 IC 5 CELL 5: 3.9801 V
2021-04-25 13:39:15.777766 IC 5 CELL 6: 3.9797 V
2021-04-25 13:39:15.777766 IC 5 CELL 7: 3.9818 V
2021-04-25 13:39:15.777766 IC 5 CELL 8: 3.9837 V
2021-04-25 13:39:15.867555 IC 6 CELL 0: 3.9783 V
2021-04-25 13:39:15.867555 IC 6 CELL 1: 3.9758 V
2021-04-25 13:39:15.867555 IC 6 CELL 2: 3.9787 V
2021-04-25 13:39:15.870429 IC 6 CELL 3: 3.9848 V
2021-04-25 13:39:15.870429 IC 6 CELL 4: 3.9747 V
2021-04-25 13:39:15.870429 IC 6 CELL 5: 3.9876 V
2021-04-25 13:39:15.872366 IC 6 CELL 6: 3.975 V
2021-04-25 13:39:15.872366 IC 6 CELL 7: 3.9915 V
2021-04-25 13:39:15.872366 IC 6 CELL 8: 3.9805 V
2021-04-25 13:39:15.874591 IC 7 CELL 0: 3.9841 V
2021-04-25 13:39:15.874591 IC 7 CELL 1: 3.9777 V
2021-04-25 13:39:15.874591 IC 7 CELL 2: 3.9857 V
2021-04-25 13:39:15.876946 IC 7 CELL 3: 3.9782 V
2021-04-25 13:39:15.876946 IC 7 CELL 4: 3.9789 V
2021-04-25 13:39:15.876946 IC 7 CELL 5: 3.9789 V
2021-04-25 13:39:15.879309 IC 7 CELL 6: 3.9829 V
2021-04-25 13:39:15.879309 IC 7 CELL 7: 3.988 V
2021-04-25 13:39:15.879309 IC 7 CELL 8: 3.9853 V
2021-04-25 13:39:15.881328 BMS AVERAGE TEMPERATURE: 24.36 C
2021-04-25 13:39:15.881328 BMS LOW TEMPERATURE: 23.67 C
2021-04-25 13:39:15.881328 BMS HIGH TEMPERATURE: 24.87 C
2021-04-25 13:39:15.883610 IC 0 THERM 0: 24.69 C
2021-04-25 13:39:15.883610 IC 0 THERM 1: 24.48 C
2021-04-25 13:39:15.883610 IC 0 THERM 2: 24.29 C
2021-04-25 13:39:15.885646 IC 1 THERM 0: 24.21 C
2021-04-25 13:39:15.885646 IC 1 THERM 1: 24.26 C
2021-04-25 13:39:15.885646 IC 1 THERM 2: 24.24 C
2021-04-25 13:39:15.888174 IC 2 THERM 0: 24.47 C
2021-04-25 13:39:15.888174 IC 2 THERM 1: 24.12 C
2021-04-25 13:39:15.888174 IC 2 THERM 2: 24.21 C
2021-04-25 13:39:16.138398 IC 3 THERM 0: 24.27 C
2021-04-25 13:39:16.138398 IC 3 THERM 1: 24.32 C
2021-04-25 13:39:16.138398 IC 3 THERM 2: 24.29 C
2021-04-25 13:39:16.244249 PHASE A CURRENT: -67.3 A
2021-04-25 13:39:16.244249 PHASE B CURRENT: 3.1 A
2021-04-25 13:39:16.244249 PHASE C CURRENT: 67.3 A
2021-04-25 13:39:16.244249 DC BUS CURRENT: 23.5 A
2021-04-25 13:39:16.246522 DC BUS VOLTAGE: 289.7 V
2021-04-25 13:39:16.246522 OUTPUT VOLTAGE: 70.2 V
2021-04-25 13:39:16.246522 PHASE AB VOLTAGE: 18.4 V
2021-04-25 13:39:16.246522 PHASE BC VOLTAGE: 67.7 V
2021-04-25 13:39:16.248446 VSM STATE: 6
2021-04-25 13:39:16.248446 INVERTER STATE: 8
2021-04-25 13:39:16.248446 INVERTER RUN MODE: 0
2021-04-25 13:39:16.248446 INVERTER ACTIVE DISCHARGE STATE: 0
2021-04-25 13:39:16.248446 INVERTER COMMAND MODE: 0
2021-04-25 13:39:16.248446 INVERTER ENABLE: 1
2021-04-25 13:39:16.248446 INVERTER LOCKOUT: 0
2021-04-25 13:39:16.248446 DIRECTION COMMAND: 1
2021-04-25 13:39:16.250277 POST FAULT LO: 0x00
2021-04-25 13:39:16.250277 POST FAULT HI: 0x00
2021-04-25 13:39:16.250277 RUN FAULT LO: 0x00
2021-04-25 13:39:16.250277 RUN FAULT HI: 0x00
2021-04-25 13:39:16.252001 COMMANDED TORQUE: 29.8 Nm
2021-04-25 13:39:16.252001 TORQUE FEEDBACK: 29.1 Nm
2021-04-25 13:39:16.252001 RMS UPTIME: 371 s
2021-04-25 13:39:16.254309 BMS VOLTAGE AVERAGE: 3.9739 V
2021-04-25 13:39:16.254309 BMS VOLTAGE LOW: 3.9569 V
2021-04-25 13:39:16.254309 BMS VOLTAGE HIGH: 4.0193 V
2021-04-25 13:39:16.254309 BMS VOLTAGE TOTAL: 286.12 V
2021-04-25 13:39:16.256375 BMS STATE: 1
2021-04-25 13:39:16.256375 BMS ERROR FLAGS: 0x00
2021-04-25 13:39:16.256375 BMS CURRENT: 0.54 A
2021-04-25 13:39:16.258807 BMS TOTAL CHARGE: 84394.3167 C
2021-04-25 13:39:16.258807 BMS TOTAL DISCHARGE: 36421.9393 C
2021-04-25 13:39:16.298972 REQUESTED TORQUE: 29.8 Nm
2021-04-25 13:39:16.396907 MCU STATE: 255
2021-04-25 13:39:16.396907 MCU BMS FAULT: True
2021-04-25 13:39:16.396907 MCU IMD FAULT: True
2021-04-25 13:39:16.396907 MCU INVERTER POWER: ON
2021-04-25 13:39:16.396907 MCU SHUTDOWN ABOVE THRESH: BF
2021-04-25 13:39:16.396907 MCU TEMPERATURE: 12877
2021-04-25 13:39:16.396907 MCU GLV VOLTAGE: 358.41 V
2021-04-25 13:39:16.399242 MCU PEDAL ACCEL 1: 2186
2021-04-25 13:39:16.399242 MCU PEDAL ACCEL 2: 1894
2021-04-25 13:39:16.399242 MCU PEDAL BRAKE: 429
2021-04-25 13:39:16.399242 MCU IMPLAUS ACCEL: 0
2021-04-25 13:39:16.399242 MCU IMPLAUS BRAKE: 0
2021-04-25 13:39:16.399242 MCU BRAKE ACT: 1
2021-04-25 13:39:16.399242 MCU TORQUE MAP MODE: 1
2021-04-25 13:39:16.401932 TCU WHEEL RPM REAR LEFT: 55.48 RPM
2021-04-25 13:39:16.401932 TCU WHEEL RPM REAR RIGHT: 55.48 RPM
2021-04-25 13:39:16.404927 TCU WHEEL RPM FRONT LEFT: 0.0 RPM
2021-04-25 13:39:16.404927 TCU WHEEL RPM FRONT RIGHT: 2.56 RPM
2021-04-25 13:39:16.407569 TCU DISTANCE TRAVELED: 0.0 m
2021-04-25 13:39:16.412708 ECU CURRENT: 654.95 A
2021-04-25 13:39:16.412708 COOLING CURRENT: 655.01 A
2021-04-25 13:39:16.414966 MOTOR ANGLE: 345.8
2021-04-25 13:39:16.414966 MOTOR SPEED: -2413 RPM
2021-04-25 13:39:16.414966 ELEC OUTPUT FREQ: -402.1
2021-04-25 13:39:16.414966 DELTA RESOLVER FILT: 689
2021-04-25 13:39:16.416945 PHASE A CURRENT: 65.0 A
2021-04-25 13:39:16.416945 PHASE B CURRENT: -43.7 A
2021-04-25 13:39:16.416945 PHASE C CURRENT: -18.8 A
2021-04-25 13:39:16.416945 DC BUS CURRENT: 19.5 A
2021-04-25 13:39:16.418811 DC BUS VOLTAGE: 289.3 V
2021-04-25 13:39:16.418811 OUTPUT VOLTAGE: 69.8 V
2021-04-25 13:39:16.418811 PHASE AB VOLTAGE: 19.6 V
2021-04-25 13:39:16.418811 PHASE BC VOLTAGE: 67.0 V
2021-04-25 13:39:16.422806 REQUESTED TORQUE: 31.8 Nm
2021-04-25 13:39:16.425784 MCU PEDAL ACCEL 1: 2201
2021-04-25 13:39:16.425784 MCU PEDAL ACCEL 2: 1878
2021-04-25 13:39:16.425784 MCU PEDAL BRAKE: 421
2021-04-25 13:39:16.425784 MCU IMPLAUS ACCEL: 0
2021-04-25 13:39:16.425784 MCU IMPLAUS BRAKE: 0
2021-04-25 13:39:16.425784 MCU BRAKE ACT: 1
2021-04-25 13:39:16.425784 MCU TORQUE MAP MODE: 1
2021-04-25 13:39:16.429077 TCU WHEEL RPM REAR LEFT: 53.47 RPM
2021-04-25 13:39:16.429077 TCU WHEEL RPM REAR RIGHT: 53.47 RPM
2021-04-25 13:39:16.432422 TCU WHEEL RPM FRONT LEFT: 0.0 RPM
2021-04-25 13:39:16.432422 TCU WHEEL RPM FRONT RIGHT: 2.56 RPM
2021-04-25 13:39:16.435701 TCU DISTANCE TRAVELED: 0.0 m
2021-04-25 13:39:16.485518 MOTOR ANGLE: 240.7
2021-04-25 13:39:16.485518 MOTOR SPEED: -2312 RPM
2021-04-25 13:39:16.485518 ELEC OUTPUT FREQ: -385.3
2021-04-25 13:39:16.485518 DELTA RESOLVER FILT: 681
2021-04-25 13:39:16.797477 PHASE A CURRENT: -21.9 A
2021-04-25 13:39:16.797477 PHASE B CURRENT: -56.9 A
2021-04-25 13:39:16.797477 PHASE C CURRENT: 79.3 A
2021-04-25 13:39:16.797477 DC BUS CURRENT: 21.7 A
2021-04-25 13:39:16.859725 DC BUS VOLTAGE: 289.6 V
2021-04-25 13:39:16.859725 OUTPUT VOLTAGE: 67.3 V
2021-04-25 13:39:16.859725 PHASE AB VOLTAGE: 13.8 V
2021-04-25 13:39:16.859725 PHASE BC VOLTAGE: 65.9 V
2021-04-25 13:39:16.862507 COMMANDED TORQUE: 31.7 Nm
2021-04-25 13:39:16.862507 TORQUE FEEDBACK: 30.8 Nm
2021-04-25 13:39:16.862507 RMS UPTIME: 372 s
2021-04-25 13:39:16.864253 MOTOR ANGLE: 324.4
2021-04-25 13:39:16.864253 MOTOR SPEED: -2529 RPM
2021-04-25 13:39:16.864253 ELEC OUTPUT FREQ: -421.6
2021-04-25 13:39:16.864253 DELTA RESOLVER FILT: 684
2021-04-25 13:39:16.865982 PHASE A CURRENT: 66.7 A
2021-04-25 13:39:16.865982 PHASE B CURRENT: -84.1 A
2021-04-25 13:39:16.865982 PHASE C CURRENT: 22.4 A
2021-04-25 13:39:16.865982 DC BUS CURRENT: 27.5 A
2021-04-25 13:39:16.867791 DC BUS VOLTAGE: 288.8 V
2021-04-25 13:39:16.867791 OUTPUT VOLTAGE: 72.1 V
2021-04-25 13:39:16.867791 PHASE AB VOLTAGE: 23.0 V
2021-04-25 13:39:16.867791 PHASE BC VOLTAGE: 68.3 V
2021-04-25 13:39:16.871118 MOTOR ANGLE: 160.4
2021-04-25 13:39:16.871118 MOTOR SPEED: -2320 RPM
2021-04-25 13:39:16.871118 ELEC OUTPUT FREQ: -386.7
2021-04-25 13:39:16.871118 DELTA RESOLVER FILT: 680
2021-04-25 13:39:16.872997 PHASE A CURRENT: -58.5 A
2021-04-25 13:39:16.872997 PHASE B CURRENT: 56.4 A
2021-04-25 13:39:16.872997 PHASE C CURRENT: 2.8 A
2021-04-25 13:39:16.872997 DC BUS CURRENT: 18.6 A
2021-04-25 13:39:16.874739 DC BUS VOLTAGE: 290.2 V
2021-04-25 13:39:16.874739 OUTPUT VOLTAGE: 67.3 V
2021-04-25 13:39:16.874739 PHASE AB VOLTAGE: 15.3 V
2021-04-25 13:39:16.874739 PHASE BC VOLTAGE: 65.6 V
2021-04-25 13:39:16.876677 COMMANDED TORQUE: 31.0 Nm
2021-04-25 13:39:16.876677 TORQUE FEEDBACK: 25.8 Nm
2021-04-25 13:39:16.876677 RMS UPTIME: 372 s
2021-04-25 13:39:16.878547 REQUESTED TORQUE: 31.0 Nm
2021-04-25 13:39:16.880440 MCU PEDAL ACCEL 1: 2190
2021-04-25 13:39:16.880440 MCU PEDAL ACCEL 2: 1890
2021-04-25 13:39:16.880440 MCU PEDAL BRAKE: 423
2021-04-25 13:39:16.880440 MCU IMPLAUS ACCEL: 1
2021-04-25 13:39:16.880440 MCU IMPLAUS BRAKE: 1
2021-04-25 13:39:16.880440 MCU BRAKE ACT: 0
2021-04-25 13:39:16.880440 MCU TORQUE MAP MODE: 1
2021-04-25 13:39:16.882353 TCU WHEEL RPM REAR LEFT: 53.6 RPM
2021-04-25 13:39:16.882353 TCU WHEEL RPM REAR RIGHT: 53.6 RPM
2021-04-25 13:39:16.884176 TCU WHEEL RPM FRONT LEFT: 0.0 RPM
2021-04-25 13:39:16.884176 TCU WHEEL RPM FRONT RIGHT: 2.56 RPM
2021-04-25 13:39:16.885979 TCU DISTANCE TRAVELED: 0.0 m
2021-04-25 13:39:16.910452 ECU CURRENT: 654.63 A
2021-04-25 13:39:16.910452 COOLING CURRENT: 652.84 A
2021-04-25 13:39:16.912478 MOTOR ANGLE: 344.9
2021-04-25 13:39:16.912478 MOTOR SPEED: -2457 RPM
2021-04-25 13:39:16.912478 ELEC OUTPUT FREQ: -409.5
2021-04-25 13:39:16.912478 DELTA RESOLVER FILT: 684
2021-04-25 13:39:17.018231 PHASE A CURRENT: 76.1 A
2021-04-25 13:39:17.018231 PHASE B CURRENT: -60.7 A
2021-04-25 13:39:17.018231 PHASE C CURRENT: -17.0 A
2021-04-25 13:39:17.018231 DC BUS CURRENT: 25.1 A
2021-04-25 13:39:17.131200 DC BUS VOLTAGE: 288.7 V
2021-04-25 13:39:17.131200 OUTPUT VOLTAGE: 70.2 V
2021-04-25 13:39:17.131200 PHASE AB VOLTAGE: 20.1 V
2021-04-25 13:39:17.131200 PHASE BC VOLTAGE: 67.3 V
2021-04-25 13:39:17.133276 REQUESTED TORQUE: 30.2 Nm
2021-04-25 13:39:17.135061 MCU PEDAL ACCEL 1: 2191
2021-04-25 13:39:17.135061 MCU PEDAL ACCEL 2: 1891
2021-04-25 13:39:17.135061 MCU PEDAL BRAKE: 424
2021-04-25 13:39:17.135061 MCU IMPLAUS ACCEL: 0
2021-04-25 13:39:17.135061 MCU IMPLAUS BRAKE: 0
2021-04-25 13:39:17.135061 MCU BRAKE ACT: 1
2021-04-25 13:39:17.135061 MCU TORQUE MAP MODE: 1
2021-04-25 13:39:17.137511 TCU WHEEL RPM REAR LEFT: 53.48 RPM
2021-04-25 13:39:17.137511 TCU WHEEL RPM REAR RIGHT: 53.48 RPM
2021-04-25 13:39:17.139883 TCU WHEEL RPM FRONT LEFT: 0.0 RPM
2021-04-25 13:39:17.139883 TCU WHEEL RPM FRONT RIGHT: 2.56 RPM
2021-04-25 13:39:17.141831 TCU DISTANCE TRAVELED: 0.0 m
2021-04-25 13:39:17.145390 MOTOR ANGLE: 166.4
2021-04-25 13:39:17.145390 MOTOR SPEED: -2401 RPM
2021-04-25 13:39:17.145390 ELEC OUTPUT FREQ: -400.2
2021-04-25 13:39:17.145390 DELTA RESOLVER FILT: 685
2021-04-25 13:39:17.503028 PHASE A CURRENT: -64.1 A
2021-04-25 13:39:17.503028 PHASE B CURRENT: 44.1 A
2021-04-25 13:39:17.503028 PHASE C CURRENT: 17.5 A
2021-04-25 13:39:17.503028 DC BUS CURRENT: 20.2 A
2021-04-25 13:39:17.515779 DC BUS VOLTAGE: 289.8 V
2021-04-25 13:39:17.515779 OUTPUT VOLTAGE: 69.3 V
2021-04-25 13:39:17.515779 PHASE AB VOLTAGE: 19.4 V
2021-04-25 13:39:17.515779 PHASE BC VOLTAGE: 66.6 V
2021-04-25 13:39:17.517822 COMMANDED TORQUE: 30.2 Nm
2021-04-25 13:39:17.517822 TORQUE FEEDBACK: 25.0 Nm
2021-04-25 13:39:17.517822 RMS UPTIME: 372 s
2021-04-25 13:39:17.521794 MOTOR ANGLE: 272.4
2021-04-25 13:39:17.521794 MOTOR SPEED: -2586 RPM
2021-04-25 13:39:17.521794 ELEC OUTPUT FREQ: -431.0
2021-04-25 13:39:17.521794 DELTA RESOLVER FILT: 686
2021-04-25 13:39:17.524333 PHASE A CURRENT: -9.9 A
2021-04-25 13:39:17.524333 PHASE B CURRENT: -54.5 A
2021-04-25 13:39:17.524333 PHASE C CURRENT: 67.3 A
2021-04-25 13:39:17.524333 DC BUS CURRENT: 22.6 A
2021-04-25 13:39:17.526330 DC BUS VOLTAGE: 288.8 V
2021-04-25 13:39:17.526330 OUTPUT VOLTAGE: 73.5 V
2021-04-25 13:39:17.526330 PHASE AB VOLTAGE: 25.0 V
2021-04-25 13:39:17.526330 PHASE BC VOLTAGE: 69.1 V
2021-04-25 13:39:17.529907 MOTOR ANGLE: 357.5
2021-04-25 13:39:17.529907 MOTOR SPEED: -2662 RPM
2021-04-25 13:39:17.529907 ELEC OUTPUT FREQ: -443.6
2021-04-25 13:39:17.529907 DELTA RESOLVER FILT: 679
2021-04-25 13:39:17.531850 PHASE A CURRENT: 94.3 A
2021-04-25 13:39:17.531850 PHASE B CURRENT: -57.4 A
2021-04-25 13:39:17.531850 PHASE C CURRENT: -34.6 A
2021-04-25 13:39:17.531850 DC BUS CURRENT: 30.7 A
2021-04-25 13:39:17.533881 DC BUS VOLTAGE: 287.4 V
2021-04-25 13:39:17.533881 OUTPUT VOLTAGE: 72.8 V
2021-04-25 13:39:17.533881 PHASE AB VOLTAGE: 18.7 V
2021-04-25 13:39:17.533881 PHASE BC VOLTAGE: 70.3 V
2021-04-25 13:39:17.535952 COMMANDED TORQUE: 30.4 Nm
2021-04-25 13:39:17.535952 TORQUE FEEDBACK: 44.2 Nm
2021-04-25 13:39:17.535952 RMS UPTIME: 372 s
2021-04-25 13:39:17.538692 REQUESTED TORQUE: 30.4 Nm
2021-04-25 13:39:17.540882 MCU PEDAL ACCEL 1: 2190
2021-04-25 13:39:17.540882 MCU PEDAL ACCEL 2: 1890
2021-04-25 13:39:17.540882 MCU PEDAL BRAKE: 445
2021-04-25 13:39:17.540882 MCU IMPLAUS ACCEL: 0
2021-04-25 13:39:17.540882 MCU IMPLAUS BRAKE: 1
2021-04-25 13:39:17.540882 MCU BRAKE ACT: 1
2021-04-25 13:39:17.540882 MCU TORQUE MAP MODE: 1
2021-04-25 13:39:17.542970 TCU WHEEL RPM REAR LEFT: 55.61 RPM
2021-04-25 13:39:17.542970 TCU WHEEL RPM REAR RIGHT: 55.61 RPM
2021-04-25 13:39:17.545039 TCU WHEEL RPM FRONT LEFT: 0.0 RPM
2021-04-25 13:39:17.545039 TCU WHEEL RPM FRONT RIGHT: 2.56 RPM
2021-04-25 13:39:17.546929 TCU DISTANCE TRAVELED: 0.0 m
2021-04-25 13:39:17.548798 MOTOR ANGLE: 129.0
2021-04-25 13:39:17.548798 MOTOR SPEED: -2424 RPM
2021-04-25 13:39:17.548798 ELEC OUTPUT FREQ: -404.0
2021-04-25 13:39:17.548798 DELTA RESOLVER FILT: 687
2021-04-25 13:39:17.573078 PHASE A CURRENT: -38.3 A
2021-04-25 13:39:17.573078 PHASE B CURRENT: 58.8 A
2021-04-25 13:39:17.573078 PHASE C CURRENT: -18.2 A
2021-04-25 13:39:17.573078 DC BUS CURRENT: 16.3 A
2021-04-25 13:39:17.576190 DC BUS VOLTAGE: 290.6 V
2021-04-25 13:39:17.576190 OUTPUT VOLTAGE: 69.2 V
2021-04-25 13:39:17.576190 PHASE AB VOLTAGE: 20.0 V
2021-04-25 13:39:17.576190 PHASE BC VOLTAGE: 66.2 V
2021-04-25 13:39:17.682404 MOTOR ANGLE: 262.0
2021-04-25 13:39:17.682404 MOTOR SPEED: -2334 RPM
2021-04-25 13:39:17.682404 ELEC OUTPUT FREQ: -389.0
2021-04-25 13:39:17.682404 DELTA RESOLVER FILT: 684
2021-04-25 13:39:17.684565 PHASE A CURRENT: -6.4 A
2021-04-25 13:39:17.684565 PHASE B CURRENT: -58.0 A
2021-04-25 13:39:17.684565 PHASE C CURRENT: 62.3 A
2021-04-25 13:39:17.684565 DC BUS CURRENT: 20.5 A
2021-04-25 13:39:17.687150 DC BUS VOLTAGE: 290.0 V
2021-04-25 13:39:17.687150 OUTPUT VOLTAGE: 67.4 V
2021-04-25 13:39:17.687150 PHASE AB VOLTAGE: 12.5 V
2021-04-25 13:39:17.687150 PHASE BC VOLTAGE: 66.3 V
2021-04-25 13:39:17.690049 COMMANDED TORQUE: 28.6 Nm
2021-04-25 13:39:17.690049 TORQUE FEEDBACK: 27.6 Nm
2021-04-25 13:39:17.690049 RMS UPTIME: 372 s
2021-04-25 13:39:17.692689 BMS VOLTAGE AVERAGE: 3.9778 V
2021-04-25 13:39:17.692689 BMS VOLTAGE LOW: 3.9639 V
2021-04-25 13:39:17.692689 BMS VOLTAGE HIGH: 4.0217 V
2021-04-25 13:39:17.692689 BMS VOLTAGE TOTAL: 286.4 V
2021-04-25 13:39:17.695296 BMS STATE: 1
2021-04-25 13:39:17.695296 BMS ERROR FLAGS: 0x00
2021-04-25 13:39:17.695296 BMS CURRENT: -0.54 A
2021-04-25 13:39:17.697941 BMS TOTAL CHARGE: 84394.3167 C
2021-04-25 13:39:17.697941 BMS TOTAL DISCHARGE: 34775.1425 C
2021-04-25 13:39:17.700616 REQUESTED TORQUE: 28.7 Nm
2021-04-25 13:39:17.703411 MCU PEDAL ACCEL 1: 2174
2021-04-25 13:39:17.703411 MCU PEDAL ACCEL 2: 1906
2021-04-25 13:39:17.703411 MCU PEDAL BRAKE: 422
2021-04-25 13:39:17.703411 MCU IMPLAUS ACCEL: 0
2021-04-25 13:39:17.703411 MCU IMPLAUS BRAKE: 0
2021-04-25 13:39:17.703411 MCU BRAKE ACT: 1
2021-04-25 13:39:17.703411 MCU TORQUE MAP MODE: 1
2021-04-25 13:39:17.897903 TCU WHEEL RPM REAR LEFT: 55.54 RPM
2021-04-25 13:39:17.897903 TCU WHEEL RPM REAR RIGHT: 55.54 RPM
2021-04-25 13:39:18.012167 PHASE A CURRENT: 66.5 A
2021-04-25 13:39:18.012167 PHASE B CURRENT: -12.0 A
2021-04-25 13:39:18.012167 PHASE C CURRENT: -53.9 A
2021-04-25 13:39:18.012167 DC BUS CURRENT: 21.3 A
2021-04-25 13:39:18.014263 DC BUS VOLTAGE: 289.6 V
2021-04-25 13:39:18.014263 OUTPUT VOLTAGE: 71.3 V
2021-04-25 13:39:18.014263 PHASE AB VOLTAGE: 21.6 V
2021-04-25 13:39:18.014263 PHASE BC VOLTAGE: 67.9 V
2021-04-25 13:39:18.016340 MOTOR ANGLE: 60.6
2021-04-25 13:39:18.016340 MOTOR SPEED: -2406 RPM
2021-04-25 13:39:18.016340 ELEC OUTPUT FREQ: -401.0
2021-04-25 13:39:18.016340 DELTA RESOLVER FILT: 681
2021-04-25 13:39:18.018499 PHASE A CURRENT: 32.2 A
2021-04-25 13:39:18.018499 PHASE B CURRENT: 41.2 A
2021-04-25 13:39:18.018499 PHASE C CURRENT: -76.5 A
2021-04-25 13:39:18.018499 DC BUS CURRENT: 21.6 A
2021-04-25 13:39:18.020685 DC BUS VOLTAGE: 289.2 V
2021-04-25 13:39:18.020685 OUTPUT VOLTAGE: 69.5 V
2021-04-25 13:39:18.020685 PHASE AB VOLTAGE: 20.2 V
2021-04-25 13:39:18.020685 PHASE BC VOLTAGE: 66.4 V
2021-04-25 13:39:18.022890 COMMANDED TORQUE: 31.7 Nm
2021-04-25 13:39:18.022890 TORQUE FEEDBACK: 29.5 Nm
2021-04-25 13:39:18.022890 RMS UPTIME: 373 s
2021-04-25 13:39:18.025138 REQUESTED TORQUE: 31.7 Nm
2021-04-25 13:39:18.027319 MCU PEDAL ACCEL 1: 2202
2021-04-25 13:39:18.027319 MCU PEDAL ACCEL 2: 1879
2021-04-25 13:39:18.027319 MCU PEDAL BRAKE: 429
2021-04-25 13:39:18.027319 MCU IMPLAUS ACCEL: 0
2021-04-25 13:39:18.027319 MCU IMPLAUS BRAKE: 0
2021-04-25 13:39:18.027319 MCU BRAKE ACT: 1
2021-04-25 13:39:18.027319 MCU TORQUE MAP MODE: 1
2021-04-25 13:39:18.135172 TCU WHEEL RPM REAR LEFT: 53.05 RPM
2021-04-25 13:39:18.135172 TCU WHEEL RPM REAR RIGHT: 53.05 RPM
2021-04-25 13:39:18.137743 TCU WHEEL RPM FRONT LEFT: 0.0 RPM
2021-04-25 13:39:18.137743 TCU WHEEL RPM FRONT RIGHT: 2.56 RPM
2021-04-25 13:39:18.139959 TCU DISTANCE TRAVELED: 0.0 m
2021-04-25 13:39:18.144377 MOTOR ANGLE: 105.7
2021-04-25 13:39:18.144377 MOTOR SPEED: -2356 RPM
2021-04-25 13:39:18.144377 ELEC OUTPUT FREQ: -392.8
2021-04-25 13:39:18.144377 DELTA RESOLVER FILT: 677
2021-04-25 13:39:18.146672 PHASE A CURRENT: -32.5 A
2021-04-25 13:39:18.146672 PHASE B CURRENT: 69.9 A
2021-04-25 13:39:18.146672 PHASE C CURRENT: -37.8 A
2021-04-25 13:39:18.146672 DC BUS CURRENT: 21.2 A
2021-04-25 13:39:18.148815 DC BUS VOLTAGE: 289.7 V
2021-04-25 13:39:18.148815 OUTPUT VOLTAGE: 68.7 V
2021-04-25 13:39:18.148815 PHASE AB VOLTAGE: 14.9 V
2021-04-25 13:39:18.148815 PHASE BC VOLTAGE: 67.0 V
2021-04-25 13:39:18.152403 BMS STATE: 1
2021-04-25 13:39:18.152403 BMS ERROR FLAGS: 0x00
2021-04-25 13:39:18.152403 BMS CURRENT: -7.81 A
2021-04-25 13:39:18.154264 BMS TOTAL CHARGE: 84394.3167 C
2021-04-25 13:39:18.154264 BMS TOTAL DISCHARGE: 36483.5841 C
2021-04-25 13:39:18.201769 REQUESTED TORQUE: 29.9 Nm
2021-04-25 13:39:18.205030 MCU STATE: 255
2021-04-25 13:39:18.205030 MCU BMS FAULT: True
2021-04-25 13:39:18.205030 MCU IMD FAULT: True
2021-04-25 13:39:18.205030 MCU INVERTER POWER: ON
2021-04-25 13:39:18.205030 MCU SHUTDOWN ABOVE THRESH: BF
2021-04-25 13:39:18.205030 MCU TEMPERATURE: 12877
2021-04-25 13:39:18.205030 MCU GLV VOLTAGE: 624.65 V
2021-04-25 13:39:18.207182 MCU PEDAL ACCEL 1: 2185
2021-04-25 13:39:18.207182 MCU PEDAL ACCEL 2: 1895
2021-04-25 13:39:18.207182 MCU PEDAL BRAKE: 428
2021-04-25 13:39:18.207182 MCU IMPLAUS ACCEL: 0
2021-04-25 13:39:18.207182 MCU IMPLAUS BRAKE: 0
2021-04-25 13:39:18.207182 MCU BRAKE ACT: 1
2021-04-25 13:39:18.207182 MCU TORQUE MAP MODE: 1
2021-04-25 13:39:18.209659 BAL IC0 CELL0: OFF
2021-04-25 13:39:18.209659 BAL IC0 CELL1: OFF
2021-04-25 13:39:18.209659 BAL IC0 CELL2: OFF
2021-04-25 13:39:18.209659 BAL IC0 CELL3: OFF
2021-04-25 13:39:18.209659 BAL IC0 CELL4: OFF
2021-04-25 13:39:18.209659 BAL IC0 CELL5: OFF
2021-04-25 13:39:18.209659 BAL IC0 CELL6: OFF
2021-04-25 13:39:18.209659 BAL IC0 CELL7: OFF
2021-04-25 13:39:18.209659 BAL IC0 CELL8: OFF
2021-04-25 13:39:18.209659 BAL IC1 CELL0: OFF
2021-04-25 13:39:18.209659 BAL IC1 CELL1: OFF
2021-04-25 13:39:18.209659 BAL IC1 CELL2: OFF
2021-04-25 13:39:18.209659 BAL IC1 CELL3: OFF
2021-04-25 13:39:18.209659 BAL IC1 CELL4: OFF
2021-04-25 13:39:18.209659 BAL IC1 CELL5: OFF
2021-04-25 13:39:18.209659 BAL IC1 CELL6: OFF
2021-04-25 13:39:18.209659 BAL IC1 CELL7: OFF
2021-04-25 13:39:18.209659 BAL IC1 CELL8: OFF
2021-04-25 13:39:18.209659 BAL IC2 CELL0: OFF
2021-04-25 13:39:18.209659 BAL IC2 CELL1: OFF
2021-04-25 13:39:18.209659 BAL IC2 CELL2: OFF
2021-04-25 13:39:18.209659 BAL IC2 CELL3: OFF
2021-04-25 13:39:18.209659 BAL IC2 CELL4: OFF
2021-04-25 13:39:18.209659 BAL IC2 CELL5: OFF
2021-04-25 13:39:18.209659 BAL IC2 CELL6: OFF
2021-04-25 13:39:18.209659 BAL IC2 CELL7: OFF
2021-04-25 13:39:18.209659 BAL IC2 CELL8: OFF
2021-04-25 13:39:18.209659 BAL IC3 CELL0: OFF
2021-04-25 13:39:18.209659 BAL IC3 CELL1: OFF
2021-04-25 13:39:18.209659 BAL IC3 CELL2: OFF
2021-04-25 13:39:18.209659 BAL IC3 CELL3: OFF
2021-04-25 13:39:18.209659 BAL IC3 CELL4: OFF
2021-04-25 13:39:18.209659 BAL IC3 CELL5: OFF
2021-04-25 13:39:18.209659 BAL IC3 CELL6: OFF
2021-04-25 13:39:18.209659 BAL IC3 CELL7: OFF
2021-04-25 13:39:18.209659 BAL IC3 CELL8: OFF
2021-04-25 13:39:18.209659 BAL IC4 CELL0: OFF
2021-04-25 13:39:18.209659 BAL IC4 CELL1: OFF
2021-04-25 13:39:18.209659 BAL IC4 CELL2: OFF
2021-04-25 13:39:18.209659 BAL IC4 CELL3: OFF
2021-04-25 13:39:18.209659 BAL IC4 CELL4: OFF
2021-04-25 13:39:18.209659 BAL IC4 CELL5: OFF
2021-04-25 13:39:18.209659 BAL IC4 CELL6: OFF
2021-04-25 13:39:18.209659 BAL IC4 CELL7: OFF
2021-04-25 13:39:18.209659 BAL IC4 CELL8: OFF
2021-04-25 13:39:18.209659 BAL IC5 CELL0: OFF
2021-04-25 13:39:18.209659 BAL IC5 CELL1: OFF
2021-04-25 13:39:18.209659 BAL IC5 CELL2: OFF
2021-04-25 13:39:18.209659 BAL IC5 CELL3: OFF
2021-04-25 13:39:18.209659 BAL IC5 CELL4: OFF
2021-04-25 13:39:18.209659 BAL IC5 CELL5: OFF
2021-04-25 13:39:18.209659 BAL IC5 CELL6: OFF
2021-04-25 13:39:18.209659 BAL IC5 CELL7: OFF
2021-04-25 13:39:18.209659 BAL IC5 CELL8: OFF
2021-04-25 13:39:18.209659 BAL IC6 CELL0: OFF
2021-04-25 13:39:18.209659 BAL IC6 CELL1: OFF
2021-04-25 13:39:18.209659 BAL IC6 CELL2: OFF
2021-04-25 13:39:18.209659 BAL IC6 CELL3: OFF
2021-04-25 13:39:18.209659 BAL IC6 CELL4: OFF
2021-04-25 13:39:18.209659 BAL IC6 CELL5: OFF
2021-04-25 13:39:18.209659 BAL IC6 CELL6: OFF
2021-04-25 13:39:18.209659 BAL IC6 CELL7: OFF
2021-04-25 13:39:18.209659 BAL IC6 CELL8: OFF
2021-04-25 13:39:18.209659 BAL IC7 CELL0: OFF
2021-04-25 13:39:18.209659 BAL IC7 CELL1: OFF
2021-04-25 13:39:18.209659 BAL IC7 CELL2: OFF
2021-04-25 13:39:18.209659 BAL IC7 CELL3: OFF
2021-04-25 13:39:18.209659 BAL IC7 CELL4: OFF
2021-04-25 13:39:18.209659 BAL IC7 CELL5: OFF
2021-04-25 13:39:18.209659 BAL IC7 CELL6: OFF
2021-04-25 13:39:18.209659 BAL IC7 CELL7: OFF
2021-04-25 13:39:18.209659 BAL IC7 CELL8: OFF
2021-04-25 13:39:18.214177 BAL IC4 CELL0: OFF
2021-04-25 13:39:18.214177 BAL IC4 CELL1: OFF
2021-04-25 13:39:18.214177 BAL IC4 CELL2: OFF
2021-04-25 13:39:18.214177 BAL IC4 CELL3: OFF
2021-04-25 13:39:18.214177 BAL IC4 CELL4: OFF
2021-04-25 13:39:18.214177 BAL IC4 CELL5: OFF
2021-04-25 13:39:18.214177 BAL IC4 CELL6: OFF
2021-04-25 13:39:18.214177 BAL IC4 CELL7: OFF
2021-04-25 13:39:18.214177 BAL IC4 CELL8: OFF
2021-04-25 13:39:18.214177 BAL IC5 CELL0: OFF
2021-04-25 13:39:18.214177 BAL IC5 CELL1: OFF
2021-04-25 13:39:18.214177 BAL IC5 CELL2: OFF
2021-04-25 13:39:18.214177 BAL IC5 CELL3: OFF
2021-04-25 13:39:18.214177 BAL IC5 CELL4: OFF
2021-04-25 13:39:18.214177 BAL IC5 CELL5: OFF
2021-04-25 13:39:18.214177 BAL IC5 CELL6: OFF
2021-04-25 13:39:18.214177 BAL IC5 CELL7: OFF
2021-04-25 13:39:18.214177 BAL IC5 CELL8: OFF
2021-04-25 13:39:18.214177 BAL IC6 CELL0: OFF
2021-04-25 13:39:18.214177 BAL IC6 CELL1: OFF
2021-04-25 13:39:18.214177 BAL IC6 CELL2: OFF
2021-04-25 13:39:18.214177 BAL IC6 CELL3: OFF
2021-04-25 13:39:18.214177 BAL IC6 CELL4: OFF
2021-04-25 13:39:18.214177 BAL IC6 CELL5: OFF
2021-04-25 13:39:18.214177 BAL IC6 CELL6: OFF
2021-04-25 13:39:18.214177 BAL IC6 CELL7: OFF
2021-04-25 13:39:18.214177 BAL IC6 CELL8: OFF
2021-04-25 13:39:18.214177 BAL IC7 CELL0: OFF
2021-04-25 13:39:18.214177 BAL IC7 CELL1: OFF
2021-04-25 13:39:18.214177 BAL IC7 CELL2: OFF
2021-04-25 13:39:18.214177 BAL IC7 CELL3: OFF
2021-04-25 13:39:18.214177 BAL IC7 CELL4: OFF
2021-04-25 13:39:18.214177 BAL IC7 CELL5: OFF
2021-04-25 13:39:18.214177 BAL IC7 CELL6: OFF
2021-04-25 13:39:18.214177 BAL IC7 CELL7: OFF
2021-04-25 13:39:18.214177 BAL IC7 CELL8: OFF
2021-04-25 13:39:18.214177 BAL IC8 CELL0: OFF
2021-04-25 13:39:18.214177 BAL IC8 CELL1: OFF
2021-04-25 13:39:18.214177 BAL IC8 CELL2: OFF
2021-04-25 13:39:18.214177 BAL IC8 CELL3: OFF
2021-04-25 13:39:18.214177 BAL IC8 CELL4: OFF
2021-04-25 13:39:18.214177 BAL IC8 CELL5: OFF
2021-04-25 13:39:18.214177 BAL IC8 CELL6: OFF
2021-04-25 13:39:18.214177 BAL IC8 CELL7: OFF
2021-04-25 13:39:18.214177 BAL IC8 CELL8: OFF
2021-04-25 13:39:18.214177 BAL IC9 CELL0: OFF
2021-04-25 13:39:18.214177 BAL IC9 CELL1: OFF
2021-04-25 13:39:18.214177 BAL IC9 CELL2: OFF
2021-04-25 13:39:18.214177 BAL IC9 CELL3: OFF
2021-04-25 13:39:18.214177 BAL IC9 CELL4: OFF
2021-04-25 13:39:18.214177 BAL IC9 CELL5: OFF
2021-04-25 13:39:18.214177 BAL IC9 CELL6: OFF
2021-04-25 13:39:18.214177 BAL IC9 CELL7: OFF
2021-04-25 13:39:18.214177 BAL IC9 CELL8: OFF
2021-04-25 13:39:18.214177 BAL IC10 CELL0: OFF
2021-04-25 13:39:18.217576 TCU WHEEL RPM REAR LEFT: 55.61 RPM
2021-04-25 13:39:18.217576 TCU WHEEL RPM REAR RIGHT: 55.61 RPM
2021-04-25 13:39:18.220054 TCU WHEEL RPM FRONT LEFT: 0.0 RPM
2021-04-25 13:39:18.220054 TCU WHEEL RPM FRONT RIGHT: 2.56 RPM
2021-04-25 13:39:18.222744 TCU DISTANCE TRAVELED: 0.0 m
2021-04-25 13:39:18.950545 ECU CURRENT: 0.61 A
2021-04-25 13:39:18.950545 COOLING CURRENT: 0.5 A
2021-04-25 13:39:18.952328 MODULE A TEMP: 26.5 C
2021-04-25 13:39:18.952328 MODULE B TEMP: 27.0 C
2021-04-25 13:39:18.952328 MODULE C TEMP: 26.5 C
2021-04-25 13:39:18.952328 GATE DRIVER BOARD TEMP: 33.2 C
2021-04-25 13:39:18.954168 RTD 4 TEMP: -1000.0 C
2021-04-25 13:39:18.954168 RTD 5 TEMP: -1000.0 C
2021-04-25 13:39:18.954168 MOTOR TEMP: 36.0 C
2021-04-25 13:39:18.954168 TORQUE SHUDDER: 0.0 Nm
2021-04-25 13:39:18.955969 MOTOR ANGLE: 111.7
2021-04-25 13:39:18.955969 MOTOR SPEED: -2501 RPM
2021-04-25 13:39:18.955969 ELEC OUTPUT FREQ: -416.9
2021-04-25 13:39:18.955969 DELTA RESOLVER FILT: 683
2021-04-25 13:39:18.957737 PHASE A CURRENT: -24.6 A
2021-04-25 13:39:18.957737 PHASE B CURRENT: 73.1 A
2021-04-25 13:39:18.957737 PHASE C CURRENT: -48.9 A
2021-04-25 13:39:18.957737 DC BUS CURRENT: 24.9 A
2021-04-25 13:39:18.959484 DC BUS VOLTAGE: 289.5 V
2021-04-25 13:39:18.959484 OUTPUT VOLTAGE: 71.4 V
2021-04-25 13:39:18.959484 PHASE AB VOLTAGE: 21.4 V
2021-04-25 13:39:18.959484 PHASE BC VOLTAGE: 68.2 V
2021-04-25 13:39:18.961218 VSM STATE: 6
2021-04-25 13:39:18.961218 INVERTER STATE: 8
2021-04-25 13:39:18.961218 INVERTER RUN MODE: 0
2021-04-25 13:39:18.961218 INVERTER ACTIVE DISCHARGE STATE: 0
2021-04-25 13:39:18.961218 INVERTER COMMAND MODE: 0
2021-04-25 13:39:18.961218 INVERTER ENABLE: 1
2021-04-25 13:39:18.961218 INVERTER LOCKOUT: 0
2021-04-25 13:39:18.961218 DIRECTION COMMAND: 1
2021-04-25 13:39:18.962958 POST FAULT LO: 0x00
2021-04-25 13:39:18.962958 POST FAULT HI: 0x00
2021-04-25 13:39:18.962958 RUN FAULT LO: 0x00
2021-04-25 13:39:18.962958 RUN FAULT HI: 0x00
2021-04-25 13:39:18.964461 COMMANDED TORQUE: 29.8 Nm
2021-04-25 13:39:18.964461 TORQUE FEEDBACK: 29.2 Nm
2021-04-25 13:39:18.964461 RMS UPTIME: 373 s
2021-04-25 13:39:18.966005 BMS VOLTAGE AVERAGE: 3.9748 V
2021-04-25 13:39:18.966005 BMS VOLTAGE LOW: 3.9599 V
2021-04-25 13:39:18.966005 BMS VOLTAGE HIGH: 4.0112 V
2021-04-25 13:39:18.966005 BMS VOLTAGE TOTAL: 286.19 V
2021-04-25 13:39:18.967768 IC 0 CELL 0: 3.9845 V
2021-04-25 13:39:18.967768 IC 0 CELL 1: 3.9868 V
2021-04-25 13:39:18.967768 IC 0 CELL 2: 3.9699 V
2021-04-25 13:39:18.969669 IC 0 CELL 3: 3.965 V
2021-04-25 13:39:18.969669 IC 0 CELL 4: 3.9805 V
2021-04-25 13:39:18.969669 IC 0 CELL 5: 3.9838 V
2021-04-25 13:39:18.971973 IC 0 CELL 6: 3.9812 V
2021-04-25 13:39:18.971973 IC 0 CELL 7: 3.9646 V
2021-04-25 13:39:18.971973 IC 0 CELL 8: 3.9711 V
2021-04-25 13:39:18.974022 IC 1 CELL 0: 3.9834 V
2021-04-25 13:39:18.974022 IC 1 CELL 1: 3.977 V
2021-04-25 13:39:18.974022 IC 1 CELL 2: 3.9732 V
2021-04-25 13:39:18.976047 IC 1 CELL 3: 3.9599 V
2021-04-25 13:39:18.976047 IC 1 CELL 4: 3.9752 V
2021-04-25 13:39:18.976047 IC 1 CELL 5: 3.9766 V
2021-04-25 13:39:18.977744 IC 1 CELL 6: 3.9731 V
2021-04-25 13:39:18.977744 IC 1 CELL 7: 3.9612 V
2021-04-25 13:39:18.977744 IC 1 CELL 8: 3.9619 V
2021-04-25 13:39:18.979332 IC 2 CELL 0: 3.9816 V
2021-04-25 13:39:18.979332 IC 2 CELL 1: 3.9783 V
2021-04-25 13:39:18.979332 IC 2 CELL 2: 3.9754 V
2021-04-25 13:39:18.981002 IC 2 CELL 3: 3.9659 V
2021-04-25 13:39:18.981002 IC 2 CELL 4: 3.9768 V
2021-04-25 13:39:18.981002 IC 2 CELL 5: 3.9715 V
2021-04-25 13:39:18.982609 IC 2 CELL 6: 3.974 V
2021-04-25 13:39:18.982609 IC 2 CELL 7: 3.9679 V
2021-04-25 13:39:18.982609 IC 2 CELL 8: 4.0143 V
2021-04-25 13:39:18.984491 IC 3 CELL 0: 3.9805 V
2021-04-25 13:39:18.984491 IC 3 CELL 1: 3.9844 V
2021-04-25 13:39:18.984491 IC 3 CELL 2: 3.969 V
2021-04-25 13:39:18.986518 IC 3 CELL 3: 3.9648 V
2021-04-25 13:39:18.986518 IC 3 CELL 4: 3.9743 V
2021-04-25 13:39:18.986518 IC 3 CELL 5: 3.9818 V
2021-04-25 13:39:18.988781 IC 3 CELL 6: 3.9788 V
2021-04-25 13:39:18.988781 IC 3 CELL 7: 3.9708 V
2021-04-25 13:39:18.988781 IC 3 CELL 8: 3.9959 V
2021-04-25 13:39:18.990879 IC 4 CELL 0: 3.9779 V
2021-04-25 13:39:18.990879 IC 4 CELL 1: 3.9868 V
2021-04-25 13:39:18.990879 IC 4 CELL 2: 3.96 V
2021-04-25 13:39:18.992732 IC 4 CELL 3: 3.9724 V
2021-04-25 13:39:18.992732 IC 4 CELL 4: 3.9772 V
2021-04-25 13:39:18.992732 IC 4 CELL 5: 3.9822 V
2021-04-25 13:39:18.994746 IC 4 CELL 6: 3.9764 V
2021-04-25 13:39:18.994746 IC 4 CELL 7: 3.9663 V
2021-04-25 13:39:18.994746 IC 4 CELL 8: 3.9645 V
2021-04-25 13:39:18.996632 IC 5 CELL 0: 3.9798 V
2021-04-25 13:39:18.996632 IC 5 CELL 1: 3.9899 V
2021-04-25 13:39:18.996632 IC 5 CELL 2: 3.973 V
2021-04-25 13:39:18.998548 IC 5 CELL 3: 3.9636 V
2021-04-25 13:39:18.998548 IC 5 CELL 4: 3.971 V
2021-04-25 13:39:18.998548 IC 5 CELL 5: 3.9777 V
2021-04-25 13:39:19.000508 IC 5 CELL 6: 3.9831 V
2021-04-25 13:39:19.000508 IC 5 CELL 7: 3.9639 V
2021-04-25 13:39:19.000508 IC 5 CELL 8: 3.966 V
2021-04-25 13:39:19.002455 IC 6 CELL 0: 3.9764 V
2021-04-25 13:39:19.002455 IC 6 CELL 1: 3.9787 V
2021-04-25 13:39:19.002455 IC 6 CELL 2: 3.9609 V
2021-04-25 13:39:19.004677 IC 6 CELL 3: 3.9684 V
2021-04-25 13:39:19.004677 IC 6 CELL 4: 3.9726 V
2021-04-25 13:39:19.004677 IC 6 CELL 5: 3.9839 V
2021-04-25 13:39:19.165157 IC 6 CELL 6: 3.9783 V
2021-04-25 13:39:19.165157 IC 6 CELL 7: 3.9742 V
2021-04-25 13:39:19.165157 IC 6 CELL 8: 3.9633 V
2021-04-25 13:39:19.263814 IC 7 CELL 0: 3.9816 V
2021-04-25 13:39:19.263814 IC 7 CELL 1: 3.9812 V
2021-04-25 13:39:19.263814 IC 7 CELL 2: 3.9682 V
2021-04-25 13:39:19.265537 IC 7 CELL 3: 3.9607 V
2021-04-25 13:39:19.265537 IC 7 CELL 4: 3.9767 V
2021-04-25 13:39:19.265537 IC 7 CELL 5: 3.9765 V
2021-04-25 13:39:19.267074 IC 7 CELL 6: 3.9859 V
2021-04-25 13:39:19.267074 IC 7 CELL 7: 3.9698 V
2021-04-25 13:39:19.267074 IC 7 CELL 8: 3.9641 V
2021-04-25 13:39:19.268547 BMS AVERAGE TEMPERATURE: 24.38 C
2021-04-25 13:39:19.268547 BMS LOW TEMPERATURE: 23.69 C
2021-04-25 13:39:19.268547 BMS HIGH TEMPERATURE: 24.89 C
2021-04-25 13:39:19.270343 IC 0 THERM 0: 24.7 C
2021-04-25 13:39:19.270343 IC 0 THERM 1: 24.49 C
2021-04-25 13:39:19.270343 IC 0 THERM 2: 24.31 C
2021-04-25 13:39:19.272094 IC 1 THERM 0: 24.23 C
2021-04-25 13:39:19.272094 IC 1 THERM 1: 24.27 C
2021-04-25 13:39:19.272094 IC 1 THERM 2: 24.25 C
2021-04-25 13:39:19.273768 IC 2 THERM 0: 24.49 C
2021-04-25 13:39:19.273768 IC 2 THERM 1: 24.13 C
2021-04-25 13:39:19.273768 IC 2 THERM 2: 24.23 C
2021-04-25 13:39:19.275458 IC 3 THERM 0: 24.28 C
2021-04-25 13:39:19.275458 IC 3 THERM 1: 24.34 C
2021-04-25 13:39:19.275458 IC 3 THERM 2: 24.31 C
2021-04-25 13:39:19.277277 IC 4 THERM 0: 24.47 C
2021-04-25 13:39:19.277277 IC 4 THERM 1: 24.32 C
2021-04-25 13:39:19.277277 IC 4 THERM 2: 24.15 C
2021-04-25 13:39:19.278974 IC 5 THERM 0: 24.38 C
2021-04-25 13:39:19.278974 IC 5 THERM 1: 23.69 C
2021-04-25 13:39:19.278974 IC 5 THERM 2: 24.21 C
2021-04-25 13:39:19.280962 IC 6 THERM 0: 24.89 C
2021-04-25 13:39:19.280962 IC 6 THERM 1: 24.6 C
2021-04-25 13:39:19.280962 IC 6 THERM 2: 24.52 C
2021-04-25 13:39:19.282727 IC 7 THERM 0: 24.6 C
2021-04-25 13:39:19.282727 IC 7 THERM 1: 24.71 C
2021-04-25 13:39:19.282727 IC 7 THERM 2: 24.62 C
2021-04-25 13:39:19.285524 MOTOR ANGLE: 111.7
2021-04-25 13:39:19.285524 MOTOR SPEED: -2501 RPM
2021-04-25 13:39:19.285524 ELEC OUTPUT FREQ: -416.9
2021-04-25 13:39:19.285524 DELTA RESOLVER FILT: 683
2021-04-25 13:39:19.287246 PHASE A CURRENT: -24.6 A
2021-04-25 13:39:19.287246 PHASE B CURRENT: 73.1 A
2021-04-25 13:39:19.287246 PHASE C CURRENT: -48.9 A
2021-04-25 13:39:19.287246 DC BUS CURRENT: 24.9 A
2021-04-25 13:39:19.288898 DC BUS VOLTAGE: 288.6 V
2021-04-25 13:39:19.288898 OUTPUT VOLTAGE: 72.6 V
2021-04-25 13:39:19.288898 PHASE AB VOLTAGE: 18.7 V
2021-04-25 13:39:19.288898 PHASE BC VOLTAGE: 70.1 V
2021-04-25 13:39:19.290481 MOTOR ANGLE: 75.3
2021-04-25 13:39:19.290481 MOTOR SPEED: -2520 RPM
2021-04-25 13:39:19.290481 ELEC OUTPUT FREQ: -420.0
2021-04-25 13:39:19.290481 DELTA RESOLVER FILT: 682
2021-04-25 13:39:19.368777 PHASE A CURRENT: 26.6 A
2021-04-25 13:39:19.368777 PHASE B CURRENT: 58.5 A
2021-04-25 13:39:19.368777 PHASE C CURRENT: -84.1 A
2021-04-25 13:39:19.368777 DC BUS CURRENT: 26.3 A
2021-04-25 13:39:19.370598 DC BUS VOLTAGE: 288.4 V
2021-04-25 13:39:19.370598 OUTPUT VOLTAGE: 71.5 V
2021-04-25 13:39:19.370598 PHASE AB VOLTAGE: 20.7 V
2021-04-25 13:39:19.370598 PHASE BC VOLTAGE: 68.4 V
2021-04-25 13:39:19.372383 COMMANDED TORQUE: 30.0 Nm
2021-04-25 13:39:19.372383 TORQUE FEEDBACK: 33.9 Nm
2021-04-25 13:39:19.372383 RMS UPTIME: 374 s
2021-04-25 13:39:19.374189 REQUESTED TORQUE: 30.0 Nm
2021-04-25 13:39:19.375933 MCU PEDAL ACCEL 1: 2187
2021-04-25 13:39:19.375933 MCU PEDAL ACCEL 2: 1894
2021-04-25 13:39:19.375933 MCU PEDAL BRAKE: 430
2021-04-25 13:39:19.375933 MCU IMPLAUS ACCEL: 0
2021-04-25 13:39:19.375933 MCU IMPLAUS BRAKE: 0
2021-04-25 13:39:19.375933 MCU BRAKE ACT: 1
2021-04-25 13:39:19.375933 MCU TORQUE MAP MODE: 1
2021-04-25 13:39:19.377849 TCU WHEEL RPM REAR LEFT: 55.61 RPM
2021-04-25 13:39:19.377849 TCU WHEEL RPM REAR RIGHT: 55.61 RPM
2021-04-25 13:39:19.379599 TCU WHEEL RPM FRONT LEFT: 0.0 RPM
2021-04-25 13:39:19.379599 TCU WHEEL RPM FRONT RIGHT: 2.56 RPM
2021-04-25 13:39:19.381589 TCU DISTANCE TRAVELED: 0.0 m
2021-04-25 13:39:19.386561 MOTOR ANGLE: 97.7
2021-04-25 13:39:19.386561 MOTOR SPEED: -2510 RPM
2021-04-25 13:39:19.386561 ELEC OUTPUT FREQ: -418.3
2021-04-25 13:39:19.386561 DELTA RESOLVER FILT: 683
2021-04-25 13:39:19.781358 PHASE A CURRENT: 87.0 A
2021-04-25 13:39:19.781358 PHASE B CURRENT: -32.0 A
2021-04-25 13:39:19.781358 PHASE C CURRENT: -59.2 A
2021-04-25 13:39:19.781358 DC BUS CURRENT: 27.8 A
2021-04-25 13:39:19.837729 MOTOR ANGLE: 119.0
2021-04-25 13:39:19.837729 MOTOR SPEED: -2452 RPM
2021-04-25 13:39:19.837729 ELEC OUTPUT FREQ: -408.7
2021-04-25 13:39:19.837729 DELTA RESOLVER FILT: 678
2021-04-25 13:39:19.840262 MOTOR ANGLE: 61.3
2021-04-25 13:39:19.840262 MOTOR SPEED: -2609 RPM
2021-04-25 13:39:19.840262 ELEC OUTPUT FREQ: -434.8
2021-04-25 13:39:19.840262 DELTA RESOLVER FILT: 683
2021-04-25 13:39:19.842414 PHASE A CURRENT: 46.5 A
2021-04-25 13:39:19.842414 PHASE B CURRENT: 36.5 A
2021-04-25 13:39:19.842414 PHASE C CURRENT: -85.0 A
2021-04-25 13:39:19.842414 DC BUS CURRENT: 27.6 A
2021-04-25 13:39:19.844604 DC BUS VOLTAGE: 288.3 V
2021-04-25 13:39:19.844604 OUTPUT VOLTAGE: 73.9 V
2021-04-25 13:39:19.844604 PHASE AB VOLTAGE: 25.0 V
2021-04-25 13:39:19.844604 PHASE BC VOLTAGE: 69.6 V
2021-04-25 13:39:19.846765 COMMANDED TORQUE: 30.4 Nm
2021-04-25 13:39:19.846765 TORQUE FEEDBACK: 32.4 Nm
2021-04-25 13:39:19.846765 RMS UPTIME: 374 s
2021-04-25 13:39:19.848914 BMS VOLTAGE AVERAGE: 3.971 V
2021-04-25 13:39:19.848914 BMS VOLTAGE LOW: 3.9587 V
2021-04-25 13:39:19.848914 BMS VOLTAGE HIGH: 4.0141 V
2021-04-25 13:39:19.848914 BMS VOLTAGE TOTAL: 285.91 V
2021-04-25 13:39:19.851088 BMS STATE: 1
2021-04-25 13:39:19.851088 BMS ERROR FLAGS: 0x00
2021-04-25 13:39:19.851088 BMS CURRENT: -7.81 A
2021-04-25 13:39:19.853443 BMS TOTAL CHARGE: 84394.3167 C
2021-04-25 13:39:19.853443 BMS TOTAL DISCHARGE: 36514.9441 C
2021-04-25 13:39:19.855316 REQUESTED TORQUE: 30.5 Nm
2021-04-25 13:39:19.856927 MCU PEDAL ACCEL 1: 2204
2021-04-25 13:39:19.856927 MCU PEDAL ACCEL 2: 1878
2021-04-25 13:39:19.856927 MCU PEDAL BRAKE: 427
2021-04-25 13:39:19.856927 MCU IMPLAUS ACCEL: 0
2021-04-25 13:39:19.856927 MCU IMPLAUS BRAKE: 0
2021-04-25 13:39:19.856927 MCU BRAKE ACT: 1
2021-04-25 13:39:19.856927 MCU TORQUE MAP MODE: 1
2021-04-25 13:39:19.858674 TCU WHEEL RPM REAR LEFT: 55.5 RPM
2021-04-25 13:39:19.858674 TCU WHEEL RPM REAR RIGHT: 55.5 RPM
2021-04-25 13:39:19.860873 TCU WHEEL RPM FRONT LEFT: 0.0 RPM
2021-04-25 13:39:19.860873 TCU WHEEL RPM FRONT RIGHT: 2.56 RPM
2021-04-25 13:39:19.862714 TCU DISTANCE TRAVELED: 0.0 m
2021-04-25 13:39:19.866361 ECU CURRENT: 0.08 A
2021-04-25 13:39:19.866361 COOLING CURRENT: 652.92 A
2021-04-25 13:39:19.935477 MOTOR ANGLE: 186.8
2021-04-25 13:39:19.935477 MOTOR SPEED: -2611 RPM
2021-04-25 13:39:19.935477 ELEC OUTPUT FREQ: -435.1
2021-04-25 13:39:19.935477 DELTA RESOLVER FILT: 677
2021-04-25 13:39:19.937728 PHASE A CURRENT: -96.0 A
2021-04-25 13:39:19.937728 PHASE B CURRENT: 39.7 A
2021-04-25 13:39:19.937728 PHASE C CURRENT: 52.9 A
2021-04-25 13:39:19.937728 DC BUS CURRENT: 29.2 A
2021-04-25 13:39:19.939896 DC BUS VOLTAGE: 288.4 V
2021-04-25 13:39:19.939896 OUTPUT VOLTAGE: 74.1 V
2021-04-25 13:39:19.939896 PHASE AB VOLTAGE: 23.9 V
2021-04-25 13:39:19.939896 PHASE BC VOLTAGE: 70.1 V
2021-04-25 13:39:19.941742 MCU PEDAL ACCEL 1: 2201
2021-04-25 13:39:19.941742 MCU PEDAL ACCEL 2: 1879
2021-04-25 13:39:19.941742 MCU PEDAL BRAKE: 427
2021-04-25 13:39:19.941742 MCU IMPLAUS ACCEL: 1
2021-04-25 13:39:19.941742 MCU IMPLAUS BRAKE: 1
2021-04-25 13:39:19.941742 MCU BRAKE ACT: 0
2021-04-25 13:39:19.941742 MCU TORQUE MAP MODE: 1
2021-04-25 13:39:19.943595 TCU WHEEL RPM REAR LEFT: 58.13 RPM
2021-04-25 13:39:19.943595 TCU WHEEL RPM REAR RIGHT: 58.13 RPM
2021-04-25 13:39:19.945508 TCU WHEEL RPM FRONT LEFT: 0.0 RPM
2021-04-25 13:39:19.945508 TCU WHEEL RPM FRONT RIGHT: 2.56 RPM
2021-04-25 13:39:19.947452 TCU DISTANCE TRAVELED: 0.0 m
2021-04-25 13:39:19.950684 MOTOR ANGLE: 250.3
2021-04-25 13:39:19.950684 MOTOR SPEED: -2562 RPM
2021-04-25 13:39:19.950684 ELEC OUTPUT FREQ: -427.1
2021-04-25 13:39:19.950684 DELTA RESOLVER FILT: 672
2021-04-25 13:39:19.952218 PHASE A CURRENT: 77.0 A
2021-04-25 13:39:19.952218 PHASE B CURRENT: 6.0 A
2021-04-25 13:39:19.952218 PHASE C CURRENT: -82.6 A
2021-04-25 13:39:19.952218 DC BUS CURRENT: 30.9 A
2021-04-25 13:39:19.953897 DC BUS VOLTAGE: 287.5 V
2021-04-25 13:39:19.953897 OUTPUT VOLTAGE: 74.4 V
2021-04-25 13:39:19.953897 PHASE AB VOLTAGE: 21.4 V
2021-04-25 13:39:19.953897 PHASE BC VOLTAGE: 71.2 V
2021-04-25 13:39:20.304744 COMMANDED TORQUE: 31.7 Nm
2021-04-25 13:39:20.304744 TORQUE FEEDBACK: 36.2 Nm
2021-04-25 13:39:20.304744 RMS UPTIME: 375 s
2021-04-25 13:39:20.387978 REQUESTED TORQUE: 31.7 Nm
2021-04-25 13:39:20.390665 MOTOR ANGLE: 271.1
2021-04-25 13:39:20.390665 MOTOR SPEED: -2630 RPM
